0.262856662273407 0.33900895714759827
0.25916871428489685 0.3344961404800415
0.5076592564582825 0.1931144744157791
0.5055896043777466 0.1926780790090561
0.8693127632141113 0.19767187535762787
0.874521017074585 0.1947983056306839
0.3140929937362671 0.08921966701745987
0.32296720147132874 0.09109102189540863
0.900165855884552 0.6309602856636047
0.8934879899024963 0.6396120190620422
0.5547496676445007 0.6582933664321899
0.557384729385376 0.6589701771736145
0.2870897948741913 0.03355865925550461
0.2816908359527588 0.025899147614836693
0.05428663641214371 0.47821730375289917
0.06411421298980713 0.47411417961120605
0.7537108659744263 0.08525799214839935
0.7591574192047119 0.09104316681623459
0.9098823666572571 0.49269095063209534
0.897279679775238 0.4937610924243927
0.7468604445457458 0.04879490286111832
0.7506843209266663 0.043817661702632904
0.48478710651397705 0.177059605717659
0.4797445833683014 0.17404337227344513
0.2752218246459961 0.6318752765655518
0.2796294093132019 0.6304900050163269
0.5324264168739319 0.42533037066459656
0.5282588005065918 0.4295453727245331
0.02206169255077839 0.4938557744026184
0.013682137243449688 0.4971081018447876
0.7098178267478943 0.5194244980812073
0.7108838558197021 0.5182446837425232
0.6935025453567505 0.6900472640991211
0.6920458078384399 0.6879913210868835
0.3136370778083801 0.7313651442527771
0.3078485429286957 0.7333909273147583
0.42440512776374817 0.6433907151222229
0.425073504447937 0.6243847608566284
0.5691457986831665 0.3773612082004547
0.5712577104568481 0.3613319396972656
0.4688103497028351 0.769928514957428
0.4764828383922577 0.7783337831497192
0.8981884121894836 0.49115484952926636
0.9100086688995361 0.49070069193840027
0.762125551700592 0.348201721906662
0.7581267952919006 0.3496081829071045
0.6947835683822632 0.6927092671394348
0.6903725266456604 0.6787212491035461
0.2568682134151459 0.43318602442741394
0.25944748520851135 0.4193207323551178
0.2718236744403839 0.08279518038034439
0.26522043347358704 0.08743951469659805
0.3249443769454956 0.0940323919057846
0.3317050635814667 0.09782517701387405
0.03785978630185127 0.47977152466773987
0.05040943995118141 0.48005223274230957
0.4241335093975067 0.6552103757858276
0.41825246810913086 0.6488023400306702
0.8200413584709167 0.3515833914279938
0.8235207200050354 0.3494330942630768
0.05085081607103348 0.4830224812030792
0.5606545209884644 0.3653469979763031
0.5481562614440918 0.3546333909034729
0.013629150576889515 0.501691997051239
0.007301224861294031 0.5086230635643005
0.14989779889583588 0.30154627561569214
0.1543811708688736 0.3026900291442871
0.866309404373169 0.2003842443227768
0.8707420229911804 0.20235389471054077
0.6276203989982605 0.046526599675416946
0.6262019276618958 0.0431482270359993
0.897347092628479 0.4101129174232483
0.9036604762077332 0.40120425820350647
0.5167913436889648 0.4299941062927246
0.5068867802619934 0.4295002818107605
0.27542978525161743 0.34933358430862427
0.2904573678970337 0.3585902154445648
0.7350817322731018 0.06371529400348663
0.6530723571777344 0.5650999546051025
0.6568753719329834 0.568219780921936
0.9200444221496582 0.6082401275634766
0.9203726053237915 0.6198105216026306
0.29367202520370483 0.07794106006622314
0.2896241545677185 0.07849140465259552
0.3081522583961487 0.7344595789909363
0.3051212728023529 0.7368931770324707
0.9487917423248291 0.49947863817214966
0.9600802659988403 0.5030900239944458
0.27072614431381226 0.34152689576148987
0.28453871607780457 0.343802273273468
0.38404756784439087 0.6988264918327332
0.3870960474014282 0.6960242986679077
0.694880485534668 0.05876990035176277
0.6914640069007874 0.06221269071102142
0.7602857947349548 0.09107806533575058
0.7565067410469055 0.3429918885231018
0.7523647546768188 0.34027349948883057
0.5708106756210327 0.3781906068325043
0.5717887282371521 0.3862185478210449
0.7095580101013184 0.7466254830360413
0.7104983329772949 0.7497299909591675
0.32739055156707764 0.7223396897315979
0.3205365538597107 0.7258210182189941
0.7505420446395874 0.04513523727655411
0.6060134768486023 0.04936926066875458
0.5974527597427368 0.051119085401296616
0.9029925465583801 0.5525916218757629
0.8942840099334717 0.5535162091255188
0.49045872688293457 0.672785758972168
0.4875999689102173 0.6725038886070251
0.9109593033790588 0.39672404527664185
0.5855468511581421 0.4098486602306366
0.30905354022979736 0.732494056224823
0.7089013457298279 0.7426743507385254
0.707983136177063 0.7465171813964844
0.8605446219444275 0.19990426301956177
0.8624013066291809 0.1967420130968094
0.992763102054596 0.47451910376548767
0.9881134629249573 0.4748513996601105
0.912731409072876 0.49392595887184143
0.9144749045372009 0.4936964809894562
0.4654875695705414 0.5478959083557129
0.2999420762062073 0.02483639307320118
0.3065376877784729 0.017204878851771355
0.24821238219738007 0.34279966354370117
0.23345068097114563 0.3459267020225525
0.3970286548137665 0.6660533547401428
0.38882774114608765 0.6688592433929443
0.5294688940048218 0.5438762307167053
0.5450407862663269 0.5461668372154236
0.5715823769569397 0.37356218695640564
0.6353681087493896 0.21242661774158478
0.6384783387184143 0.21149690449237823
0.44120925664901733 0.6470495462417603
0.451134592294693 0.643441915512085
0.8587065935134888 0.2006441205739975
0.8526294827461243 0.2030196189880371
0.9149532914161682 0.49217692017555237
0.04653780534863472 0.4901198148727417
0.9075862765312195 0.392013281583786
0.9035290479660034 0.3989779055118561
0.9182549118995667 0.5939555764198303
0.9204792976379395 0.600354790687561
0.7030268907546997 0.7209946513175964
0.6985676884651184 0.7051841020584106
0.043062448501586914 0.49283602833747864
0.7074421644210815 0.7356449365615845
0.7089954018592834 0.7362164855003357
0.46462225914001465 0.5292975306510925
0.46649986505508423 0.5237107872962952
0.9028428196907043 0.40269380807876587
0.3789759874343872 0.6305837631225586
0.36741355061531067 0.6256190538406372
0.5464295744895935 0.3539375066757202
0.30975842475891113 0.7338000535964966
0.9218459129333496 0.6188242435455322
0.7484530210494995 0.04335508123040199
0.3153776228427887 0.601148784160614
0.3207119405269623 0.6059603691101074
0.9124108552932739 0.5465757846832275
0.9141610860824585 0.5504271388053894
0.3599574863910675 0.6077484488487244
0.3576410114765167 0.5992704629898071
0.42637771368026733 0.8259270191192627
0.42365413904190063 0.8381734490394592
0.42532503604888916 0.6668551564216614
0.4273066818714142 0.675896406173706
0.25601333379745483 0.3430510461330414
0.863463282585144 0.2020396888256073
0.048239823430776596 0.49828386306762695
0.9086530804634094 0.6163339614868164
0.29006174206733704 0.042530566453933716
0.30702030658721924 0.014263059012591839
0.03869636356830597 0.49462661147117615
0.5723893642425537 0.37727972865104675
0.5757110714912415 0.38455063104629517
0.5466919541358948 0.3552336096763611
0.7793980836868286 0.015151051804423332
0.7840596437454224 0.009044933132827282
0.5020453929901123 0.1925199180841446
0.49886465072631836 0.1940658986568451
0.6172184348106384 0.36186468601226807
0.6243228912353516 0.35652783513069153
0.6661455631256104 0.6036711931228638
0.6832268238067627 0.6579646468162537
0.25627395510673523 0.3312540054321289
0.5675373673439026 0.30258479714393616
0.5668401718139648 0.28458380699157715
0.7341673374176025 0.06723989546298981
0.42001599073410034 0.8435798287391663
0.705938994884491 0.5218555927276611
0.7093036770820618 0.5209512710571289
0.25661608576774597 0.08488097041845322
0.24354469776153564 0.08745694905519485
0.6940065622329712 0.6912881731987
0.5322201251983643 0.20958200097084045
0.5359277725219727 0.20911310613155365
0.6032928824424744 0.00017581431893631816
0.6046136021614075 0.006863258313387632
0.8394159078598022 0.446351021528244
0.832513689994812 0.45069900155067444
0.6225366592407227 0.04615668207406998
0.7523245811462402 0.04390953481197357
0.9925161600112915 0.473484069108963
0.8809057474136353 0.4319257438182831
0.8772018551826477 0.43067339062690735
0.2644294202327728 0.3722093105316162
0.2661016285419464 0.3852248787879944
0.31301018595695496 0.5978758931159973
0.31274139881134033 0.5953866243362427
0.5488747358322144 0.3532257080078125
0.260522723197937 0.08830829709768295
0.5725078582763672 0.3459530770778656
0.2844488024711609 0.303326815366745
0.2927508056163788 0.29312464594841003
0.03518088161945343 0.49420422315597534
0.4298919439315796 0.49966275691986084
0.4279247224330902 0.4958590865135193
0.6408884525299072 0.21336279809474945
0.6429476737976074 0.21518301963806152
0.6911850571632385 0.06097410246729851
0.7123224139213562 0.7469257712364197
0.7148817181587219 0.7495876550674438
0.921474277973175 0.6030439138412476
0.9278591871261597 0.6077005863189697
0.4551681876182556 0.7432581186294556
0.4574258625507355 0.7434818148612976
0.4473790228366852 0.5174354314804077
0.5611402988433838 0.33579200506210327
0.29857635498046875 0.07890613377094269
0.3565651774406433 0.5989953875541687
0.42749541997909546 0.674069881439209
0.31434470415115356 0.5986278057098389
0.31104588508605957 0.5931458473205566
0.42131564021110535 0.8432938456535339
0.8991090059280396 0.6330853700637817
0.5499700903892517 0.6571319699287415
0.6034862399101257 0.3682882785797119
0.6145657896995544 0.3669487535953522
0.7142550349235535 0.7514992356300354
0.7170278429985046 0.7544368505477905
0.5563369393348694 0.659112811088562
0.272966593503952 0.6323657631874084
0.7167525291442871 0.7557819485664368
0.9098368287086487 0.3863127827644348
0.7339134812355042 0.06628511101007462
0.9038102626800537 0.4034639894962311
0.047764021903276443 0.47085830569267273
0.22924669086933136 0.21376025676727295
0.2282421886920929 0.2121814638376236
0.8544314503669739 0.4407922029495239
0.817589521408081 0.45814451575279236
0.5285863280296326 0.42827728390693665
0.6239014863967896 0.04549020528793335
0.4428761303424835 0.14639098942279816
0.4403380751609802 0.14513938128948212
0.04446792975068092 0.46979328989982605
0.7915925979614258 0.3503074645996094
0.8175283074378967 0.35747477412223816
0.8335254192352295 0.45040327310562134
0.2617720663547516 0.3361538350582123
0.264396607875824 0.08864188194274902
0.40576171875 0.6695094108581543
0.6930932998657227 0.6912368535995483
0.30824825167655945 0.010466285981237888
0.31486302614212036 0.002621883526444435
0.6099296808242798 0.016974732279777527
0.617943525314331 0.03149891272187233
0.9385648369789124 0.6132596731185913
0.9531309008598328 0.6269867420196533
0.4259622097015381 0.4969077408313751
0.4248952269554138 0.49507561326026917
0.5476444363594055 0.5456182360649109
0.5492311120033264 0.5448786616325378
0.24056826531887054 0.35467788577079773
0.28172117471694946 0.11525845527648926
0.27942395210266113 0.1263490915298462
0.038112301379442215 0.4684423506259918
0.9255813956260681 0.494456022977829
0.5565363764762878 0.5482740998268127
0.5593457818031311 0.5482112765312195
0.5065527558326721 0.1871298998594284
0.5093767046928406 0.1823064237833023
0.40861016511917114 0.6620889902114868
0.39628249406814575 0.6669026613235474
0.9098283648490906 0.6032757759094238
0.8922455906867981 0.6072020530700684
0.46809372305870056 0.6345964670181274
0.47368016839027405 0.6322518587112427
0.7581309676170349 0.036360614001750946
0.770309567451477 0.02412058413028717
0.40209442377090454 0.12930895388126373
0.45506274700164795 0.1579628884792328
0.263046532869339 0.08862908184528351
0.22961769998073578 0.34995028376579285
0.21806450188159943 0.35541656613349915
0.8455621004104614 0.44235581159591675
0.2270260751247406 0.21172794699668884
0.040373727679252625 0.4655436873435974
0.44634097814559937 0.15028266608715057
0.6144832968711853 0.36485767364501953
0.6432558298110962 0.21419790387153625
0.4759218692779541 0.7353727221488953
0.46525004506111145 0.7404454350471497
0.4644676446914673 0.6702637076377869
0.48151469230651855 0.6719154715538025
0.6927568316459656 0.6874882578849792
0.4316197335720062 0.6311048865318298
0.9014837741851807 0.40285712480545044
0.6145533919334412 0.024788428097963333
0.757917582988739 0.09093692898750305
0.8656747937202454 0.197760209441185
0.9604021310806274 0.6336567997932434
0.26240819692611694 0.40001019835472107
0.26176875829696655 0.409140020608902
0.27991586923599243 0.028871672227978706
0.2712749242782593 0.019719712436199188
0.5607355833053589 0.37310805916786194
0.5461794137954712 0.36856597661972046
0.6237570643424988 0.3703468441963196
0.9164558053016663 0.49105197191238403
0.6233087182044983 0.042636070400476456
0.336047500371933 0.1012384295463562
0.47760364413261414 0.7764925360679626
0.3663049042224884 0.624538242816925
0.5958558320999146 0.4242847263813019
0.3954456150531769 0.6883928179740906
0.06672094762325287 0.5226640701293945
0.06892544031143188 0.5290864706039429
0.7136328816413879 0.7499943375587463
0.25477227568626404 0.4474368989467621
0.25463196635246277 0.44511085748672485
0.2596393823623657 0.33859604597091675
0.5516171455383301 0.5472912788391113
0.5551145076751709 0.5482062101364136
0.4219134747982025 0.844964325428009
0.5551779866218567 0.5494115352630615
0.3672336935997009 0.6239707469940186
0.8618824481964111 0.1980915069580078
0.9248430132865906 0.6012594103813171
0.9352425932884216 0.6026309132575989
0.8854103684425354 0.43756920099258423
0.8808186650276184 0.43093088269233704
0.3060964345932007 0.7379418015480042
0.30963560938835144 0.7358464002609253
0.30465689301490784 0.7356410622596741
0.3122669458389282 0.0011266550282016397
0.24343663454055786 0.08606868237257004
0.02972373552620411 0.4915215075016022
0.3972725570201874 0.6674738526344299
0.444201797246933 0.7362728714942932
0.03641413897275925 0.4910244941711426
0.03641413897275925 0.4910244941711426
0.44362980127334595 0.7496547698974609
0.43999025225639343 0.7536329627037048
0.7018249034881592 0.057316698133945465
0.6961093544960022 0.056680191308259964
0.9949355125427246 0.4735088348388672
0.9979236721992493 0.4728914499282837
0.42318204045295715 0.8450456857681274
0.42332935333251953 0.8318762183189392
0.7350046634674072 0.06683637946844101
0.43383467197418213 0.7538074851036072
0.2722042500972748 0.016256503760814667
0.6241602897644043 0.044055450707674026
0.2537022531032562 0.4472791254520416
0.554205060005188 0.5496290922164917
0.6388358473777771 0.21293161809444427
0.42111653089523315 0.7601660490036011
0.41410547494888306 0.7620514631271362
0.8524802923202515 0.18391422927379608
0.8526917099952698 0.17940054833889008
0.7565972208976746 0.09280122071504593
0.44877713918685913 0.6284657120704651
0.5009762644767761 0.19830794632434845
0.7689424157142639 0.3479420244693756
0.76445072889328 0.345487505197525
0.572141706943512 0.38031890988349915
0.4411461651325226 0.14294731616973877
0.29078352451324463 0.035827793180942535
0.6020373106002808 0.0
0.49050629138946533 0.2179265022277832
0.4946393072605133 0.2084488868713379
0.04045746475458145 0.4924406111240387
0.7603851556777954 0.09277403354644775
0.7615110278129578 0.09995316714048386
0.4823579490184784 0.7797880172729492
0.9235751628875732 0.4839400053024292
0.9353050589561462 0.4772604703903198
0.8765080571174622 0.1982826143503189
0.04295347258448601 0.4664754867553711
0.6935647130012512 0.6872170567512512
0.29165297746658325 0.35854557156562805
0.5591126680374146 0.549402117729187
0.2554227113723755 0.4408382475376129
0.9103349447250366 0.48935839533805847
0.5011835694313049 0.4287012219429016
0.5104973316192627 0.4303261935710907
0.5367725491523743 0.20832698047161102
0.5539117455482483 0.5485788583755493
0.18690839409828186 0.300341933965683
0.17858168482780457 0.29830166697502136
0.031531549990177155 0.46663162112236023
0.02873591147363186 0.453561395406723
0.6246722340583801 0.04086243733763695
0.26315590739250183 0.08506128937005997
0.766038715839386 0.3458002507686615
0.479166716337204 0.7796528339385986
0.4869171679019928 0.7846918106079102
0.455355167388916 0.6533042788505554
0.5322801470756531 0.6534726619720459
0.4150601923465729 0.7618315815925598
0.2746961712837219 0.31893959641456604
0.25896432995796204 0.08357780426740646
0.24672561883926392 0.08687768876552582
0.004448254592716694 0.5052988529205322
0.7900120615959167 0.34927213191986084
0.9231910109519958 0.3871677815914154
0.9289167523384094 0.382511168718338
0.9155453443527222 0.5523122549057007
0.7064501643180847 0.7336509823799133
0.7770451307296753 0.1064644604921341
0.7832236289978027 0.11247864365577698
0.2811007797718048 0.306426465511322
0.7448644638061523 0.051589485257864
0.6540150046348572 0.1911708563566208
0.6254765391349792 0.045684151351451874
0.5295787453651428 0.42992278933525085
0.9160597920417786 0.4896029531955719
0.043678559362888336 0.4897795021533966
0.3213428258895874 0.09404554963111877
0.8635920286178589 0.21789929270744324
0.8564172387123108 0.2820926606655121
0.3668433427810669 0.6264605522155762
0.5712234973907471 0.34552717208862305
0.16257518529891968 0.30320459604263306
0.15707077085971832 0.302115261554718
0.1450926661491394 0.31400594115257263
0.568962037563324 0.37507879734039307
0.9028949737548828 0.40424054861068726
0.4772321283817291 0.7775083780288696
0.9546277523040771 0.621282696723938
0.27232903242111206 0.01878003403544426
0.041133780032396317 0.48670050501823425
0.7579272389411926 0.09222704917192459
0.5288332104682922 0.4309900104999542
0.2624058723449707 0.08709989488124847
0.30381903052330017 0.014750426635146141
0.2651543617248535 0.38519755005836487
0.4196034073829651 0.49029263854026794
0.417876273393631 0.4875941276550293
0.03407986834645271 0.5062330961227417
0.2824549973011017 0.3073566257953644
0.5094580054283142 0.19219569861888885
0.9217328429222107 0.621008574962616
0.42572668194770813 0.6113910675048828
0.6039679646492004 0.4360968768596649
0.5981084108352661 0.4276663064956665
0.6012577414512634 0.0016854325076565146
0.759330689907074 0.09329966455698013
0.7632544636726379 0.09924397617578506
0.7659283876419067 0.02932891622185707
0.7653253674507141 0.34905189275741577
0.47647982835769653 0.7764549851417542
0.2795698940753937 0.40688931941986084
0.9189581871032715 0.4914184808731079
0.929088830947876 0.4911985695362091
0.6424031257629395 0.21607834100723267
0.9164955019950867 0.5515022873878479
0.025684131309390068 0.469220370054245
0.01597677730023861 0.4608827829360962
0.9173019528388977 0.602678656578064
0.4117901027202606 0.6344610452651978
0.40995079278945923 0.6249043941497803
0.6371291279792786 0.21368253231048584
0.2710873484611511 0.017850084230303764
0.4245182275772095 0.8322682976722717
0.6128177046775818 0.2335616946220398
0.8482243418693542 0.3796043395996094
0.48799481987953186 0.7308864593505859
0.48358267545700073 0.732327938079834
0.756822407245636 0.04286426305770874
0.7645443677902222 0.03921649977564812
0.4234895706176758 0.4968385100364685
0.022383959963917732 0.47362545132637024
0.31089794635772705 0.7338375449180603
0.15443633496761322 0.3000262677669525
0.14733175933361053 0.29596009850502014
0.4148736298084259 0.7608873248100281
0.4962075650691986 0.5408219695091248
0.5015761256217957 0.5389217734336853
0.424025297164917 0.4959835708141327
0.9355375170707703 0.47596457600593567
0.17962312698364258 0.2978523075580597
0.2595517635345459 0.343985915184021
0.2523749768733978 0.3531765341758728
0.3679264187812805 0.6247178316116333
0.24802230298519135 0.091970294713974
0.7683675289154053 0.03941763937473297
0.7801141142845154 0.03858752176165581
0.2638637125492096 0.08680929988622665
0.6956143975257874 0.6898304224014282
0.6958578824996948 0.6871747970581055
0.7654139995574951 0.02828729897737503
0.35681289434432983 0.600152313709259
0.23173166811466217 0.30725380778312683
0.8182118535041809 0.351680725812912
0.9296388626098633 0.38346558809280396
0.2592560350894928 0.08547711372375488
0.24734404683113098 0.08981363475322723
0.4582390785217285 0.7436826825141907
0.24630206823349 0.31942787766456604
0.7519137263298035 0.04505326971411705
0.6966437101364136 0.05796835944056511
0.3866995871067047 0.4438188374042511
0.8242501020431519 0.1525602638721466
0.9324805736541748 0.48781657218933105
0.9668709635734558 0.6233069896697998
0.9738069772720337 0.623525083065033
0.06045573577284813 0.5167425274848938
0.06317216157913208 0.524597704410553
0.93622887134552 0.6015955805778503
0.2616857588291168 0.08542829751968384
0.02495451457798481 0.4815886318683624
0.6957701444625854 0.05547504127025604
0.9130871891975403 0.49071452021598816
0.9339179992675781 0.47653457522392273
0.9142724275588989 0.5528644919395447
0.2871401309967041 0.305307537317276
0.296589195728302 0.29574352502822876
0.9028016328811646 0.630110502243042
0.9603384733200073 0.5040236115455627
0.44037553668022156 0.14395995438098907
0.28359290957450867 0.30763012170791626
0.9696449041366577 0.4785529375076294
0.7181327939033508 0.7541161775588989
0.7070274949073792 0.7495661377906799
0.38242051005363464 0.43726831674575806
0.90777188539505 0.5512967705726624
0.32187190651893616 0.09168341755867004
0.6947336196899414 0.6907303929328918
0.6387260556221008 0.3758644461631775
0.6435340642929077 0.37831535935401917
0.5300168395042419 0.43160220980644226
0.9020118117332458 0.6291864514350891
0.694999635219574 0.6871011257171631
0.012695837765932083 0.4652113616466522
0.5462908148765564 0.3701503872871399
0.9163261651992798 0.6017667651176453
0.7856446504592896 0.010687959380447865
0.7417794466018677 0.34995636343955994
0.6363402605056763 0.3610941767692566
0.42383208870887756 0.8441193699836731
0.29709047079086304 0.07938189059495926
0.6703857779502869 0.5428952574729919
0.2579187750816345 0.33569976687431335
0.2472156286239624 0.32586923241615295
0.4573388397693634 0.6395936608314514
0.4659865200519562 0.6354628205299377
0.9198911190032959 0.6016126275062561
0.8624550104141235 0.20104911923408508
0.6492525935173035 0.3821973204612732
0.6458913683891296 0.3799816966056824
0.8653205037117004 0.20205414295196533
0.869401752948761 0.20442548394203186
0.026483140885829926 0.4843963086605072
0.7642769813537598 0.028082100674510002
0.2598183751106262 0.08719984441995621
0.282062292098999 0.34590044617652893
0.6831499934196472 0.654482901096344
0.3104202449321747 0.589950680732727
0.3033212721347809 0.013282946310937405
0.8369435667991638 0.2082853615283966
0.309614896774292 0.589572548866272
0.5748075246810913 0.389568030834198
0.322316437959671 0.0934024304151535
0.8329194784164429 0.44873735308647156
0.22581221163272858 0.21077704429626465
0.7795228362083435 0.03756661340594292
0.9154718518257141 0.5507895946502686
0.555082380771637 0.40389272570610046
0.26085183024406433 0.08245950937271118
0.4264366328716278 0.6743874549865723
0.24394764006137848 0.08887599408626556
0.7474713921546936 0.019524039700627327
0.7470861673355103 0.00837036594748497
0.9307718276977539 0.3820469081401825
0.9347081184387207 0.3794490098953247
0.4166417121887207 0.4889500141143799
0.8337684869766235 0.4493016004562378
0.2499065101146698 0.32321447134017944
0.023854084312915802 0.4789492189884186
0.05028912425041199 0.4607834815979004
0.42334023118019104 0.49337369203567505
0.4807544946670532 0.1719329059123993
0.42190054059028625 0.8345267176628113
0.010432889685034752 0.4752090573310852
0.40202268958091736 0.1276431381702423
0.9090819358825684 0.49153199791908264
0.8825516104698181 0.4321587085723877
0.4143337607383728 0.6668805480003357
0.7087597250938416 0.7503063678741455
0.9016475081443787 0.4042460024356842
0.9147583842277527 0.48880013823509216
0.6155918836593628 0.0471365712583065
0.6083227396011353 0.0496586449444294
0.282245010137558 0.30608633160591125
0.31196078658103943 0.5959080457687378
0.8499643802642822 0.3934345543384552
0.9078108072280884 0.5525426268577576
0.26141950488090515 0.3394489884376526
0.9125483632087708 0.5503804683685303
0.531590461730957 0.543461799621582
0.4861433804035187 0.7852640151977539
0.5982688069343567 0.05329925939440727
0.5353766083717346 0.21196645498275757
0.5688576698303223 0.3783751130104065
0.5676312446594238 0.38552582263946533
0.17975687980651855 0.2955056130886078
0.6372528076171875 0.2124258279800415
0.5037097334861755 0.18844598531723022
0.48061877489089966 0.17296774685382843
0.4194771349430084 0.8388062119483948
0.3438924252986908 0.10154107958078384
0.6370925307273865 0.2110956758260727
0.4243275225162506 0.6329747438430786
0.4095768630504608 0.6258136630058289
0.42618224024772644 0.8338741064071655
0.5368959903717041 0.2098277509212494
0.90700364112854 0.3963474631309509
0.46771860122680664 0.5486976504325867
0.4667084217071533 0.5508233904838562
0.8194214701652527 0.3547782599925995
0.42261815071105957 0.8435240983963013
0.3079369366168976 0.37108325958251953
0.2182200849056244 0.3565685451030731
0.4211333692073822 0.4914246201515198
0.9190138578414917 0.6001620292663574
0.04849036782979965 0.48792386054992676
0.5049552917480469 0.18802766501903534
0.7498604655265808 0.04262170195579529
0.759037435054779 0.10296718776226044
0.7580723762512207 0.10998738557100296
0.7175384759902954 0.7521811723709106
0.9132627248764038 0.4922339916229248
0.4755932092666626 0.7770900130271912
0.25414952635765076 0.35405224561691284
0.28449344635009766 0.3460937440395355
0.4680173397064209 0.5506801009178162
0.264458030462265 0.08435433357954025
0.7574962973594666 0.09512690454721451
0.8998611569404602 0.40249666571617126
0.2806597948074341 0.30537766218185425
0.5701653361320496 0.3463020920753479
0.9146844744682312 0.4905413091182709
0.5308027267456055 0.42953696846961975
0.9597683548927307 0.6353879570960999
0.7150596380233765 0.7561364769935608
0.24900555610656738 0.09336322546005249
0.2642047703266144 0.3851710557937622
0.4337788224220276 0.6613790392875671
0.3094412088394165 0.5904977321624756
0.23696032166481018 0.2302173674106598
0.232195183634758 0.21753652393817902
0.28480246663093567 0.30554792284965515
0.293342649936676 0.2957618236541748
0.03235055133700371 0.4897124171257019
0.8641849160194397 0.20051778852939606
0.7642399668693542 0.34948134422302246
0.9134113788604736 0.48915091156959534
0.5761022567749023 0.38919779658317566
0.6245389580726624 0.03661792352795601
0.8918288350105286 0.6430759429931641
0.034433379769325256 0.46594083309173584
0.6573692560195923 0.0489521361887455
0.2913462221622467 0.292526513338089
0.29737281799316406 0.07813574373722076
0.6402583122253418 0.2106599658727646
0.9094369411468506 0.5506264567375183
0.9092493057250977 0.5528324842453003
0.07766290009021759 0.41616111993789673
0.504490315914154 0.19161361455917358
0.27232906222343445 0.6334511041641235
0.03616086021065712 0.4527043104171753
0.5476511120796204 0.3705803453922272
0.6163179874420166 0.36379992961883545
0.6810745000839233 0.570450484752655
0.6856344938278198 0.5722453594207764
0.27001699805259705 0.019420040771365166
0.7555222511291504 0.09238714724779129
0.38779810070991516 0.6700713634490967
0.42069271206855774 0.8446081876754761
0.028912803158164024 0.48687461018562317
0.5309503674507141 0.4308704435825348
0.7064391374588013 0.751096248626709
0.35279563069343567 0.1057213544845581
0.2623958885669708 0.4083837568759918
0.26223692297935486 0.08249775320291519
0.2901618778705597 0.6275833249092102
0.6260364055633545 0.04444504529237747
0.623328685760498 0.037465885281562805
0.7156108617782593 0.7549733519554138
0.46848398447036743 0.5410520434379578
0.4584764242172241 0.7424281239509583
0.30422553420066833 0.012480485253036022
0.42850619554519653 0.6745182871818542
0.7579519152641296 0.3484368324279785
0.7847355604171753 0.11323504149913788
0.42237842082977295 0.657507061958313
0.9608755111694336 0.6349475383758545
0.7848836779594421 0.0098319286480546
0.7581484317779541 0.34720632433891296
0.46741798520088196 0.5513537526130676
0.23396144807338715 0.348159521818161
0.6010300517082214 0.05341480299830437
0.7503980994224548 0.041145097464323044
0.2976633310317993 0.2966972291469574
0.6025083661079407 0.0011343206278979778
0.8784860372543335 0.607964277267456
0.9332430958747864 0.4751625657081604
0.22734388709068298 0.21288566291332245
0.04163486510515213 0.4534277021884918
0.6583016514778137 0.5682345628738403
0.5060274600982666 0.1908198744058609
0.41709959506988525 0.4881317913532257
0.764072060585022 0.3481675684452057
0.5663401484489441 0.28554531931877136
0.6909810900688171 0.05959233269095421
0.7483969926834106 0.03472857177257538
0.30523282289505005 0.014622666873037815
0.7081427574157715 0.5196409225463867
0.9016216993331909 0.401540607213974
0.4350878894329071 0.7930495738983154
0.06487731635570526 0.523368775844574
0.8747666478157043 0.1979869306087494
0.8961001038551331 0.6070094704627991
0.0501272976398468 0.4856242835521698
0.24798770248889923 0.3177611231803894
0.30559179186820984 0.013203197158873081
0.15575338900089264 0.30386391282081604
0.4998588263988495 0.19578205049037933
0.8744194507598877 0.19639842212200165
0.44226107001304626 0.14251437783241272
0.41392698884010315 0.7611134052276611
0.4935131072998047 0.785672664642334
0.500792920589447 0.7888911962509155
0.42217740416526794 0.832350492477417
0.00830742809921503 0.5104604363441467
0.31011879444122314 0.73271244764328
0.7903836965560913 0.3482970595359802
0.6575366854667664 0.5692987442016602
0.8999853134155273 0.6279723048210144
0.7518298625946045 0.34160229563713074
0.4966460168361664 0.20458225905895233
0.29727232456207275 0.0806816890835762
0.4754754602909088 0.7781137824058533
0.8755515813827515 0.19941405951976776
0.26506251096725464 0.08579971641302109
0.6956479549407959 0.6908901929855347
0.5009596347808838 0.4277445673942566
0.3657950460910797 0.626462996006012
0.4506251811981201 0.637831449508667
0.4577256441116333 0.6320278644561768
0.8183788657188416 0.35538873076438904
0.27852877974510193 0.12681415677070618
0.41826847195625305 0.8383758664131165
0.5473924279212952 0.5470438599586487
0.5487462878227234 0.547793447971344
0.4800380766391754 0.7784115672111511
0.48784276843070984 0.7830692529678345
0.6121454238891602 0.06255900859832764
0.6070740222930908 0.06821167469024658
0.32123661041259766 0.7269611358642578
0.9109722971916199 0.5503638386726379
0.42041295766830444 0.49211716651916504
0.2722097635269165 0.631848156452179
0.3094751536846161 0.348122775554657
0.6972984075546265 0.059324126690626144
0.30882519483566284 0.7353556752204895
0.8664467930793762 0.22150662541389465
0.9003886580467224 0.40145257115364075
0.5587192177772522 0.6592953205108643
0.26442399621009827 0.3394588530063629
0.6976140737533569 0.056724995374679565
0.046682555228471756 0.4810207784175873
0.34138867259025574 0.619062066078186
0.3144083619117737 0.622285008430481
0.9048722386360168 0.5520738363265991
0.8189567923545837 0.35262954235076904
1.0 0.47242727875709534
0.18001556396484375 0.2966872751712799
0.896049976348877 0.4923757314682007
0.8198025822639465 0.3535725772380829
0.44225943088531494 0.14356404542922974
0.4263102114200592 0.6754631996154785
0.30431634187698364 0.3482099175453186
0.27283182740211487 0.01743914745748043
0.8182752132415771 0.3538910150527954
0.7098203897476196 0.7507655620574951
0.15587536990642548 0.30223000049591064
0.23622480034828186 0.22467312216758728
0.25448453426361084 0.4493991434574127
0.6398193836212158 0.2117687165737152
0.15657414495944977 0.3010636866092682
0.6249502897262573 0.042784202843904495
0.6000341773033142 0.0015972115797922015
0.5070973634719849 0.18979623913764954
0.6576393246650696 0.5671315789222717
0.8627517819404602 0.19942152500152588
0.260852187871933 0.40858936309814453
0.9171159267425537 0.6006578207015991
0.7492734789848328 0.04436946660280228
0.6381971836090088 0.21401649713516235
0.8873972296714783 0.6483544111251831
0.42572104930877686 0.60589200258255
0.7458176016807556 0.007958668284118176
0.0 0.5139167904853821
0.050088342279195786 0.47652697563171387
0.30498307943344116 0.016238123178482056
0.46025219559669495 0.7415197491645813
0.4634183347225189 0.7376120686531067
0.46573516726493835 0.7346754670143127
0.7896786332130432 0.11716154217720032
0.5565735697746277 0.658187747001648
0.31357061862945557 0.0027284391690045595
0.9345191717147827 0.4749036729335785
0.876850962638855 0.4292636811733246
0.2856903076171875 0.3450964391231537
0.9102675318717957 0.5517882704734802
0.5950409770011902 0.42385828495025635
0.4514428377151489 0.6423765420913696
0.2641480267047882 0.33792558312416077
0.5717195868492126 0.3748140037059784
0.30808454751968384 0.015614794567227364
0.4255359470844269 0.8328410983085632
0.5484126806259155 0.5488734245300293
0.7565412521362305 0.091434046626091
0.3108271658420563 0.7349236011505127
0.1786709874868393 0.29588377475738525
0.5544394254684448 0.546280562877655
0.32124337553977966 0.09282635152339935
0.15668240189552307 0.30338719487190247
0.2845917046070099 0.3081951439380646
0.5475928783416748 0.3689020872116089
0.5048631429672241 0.18973690271377563
0.7640460729598999 0.3466934859752655
0.8764152526855469 0.19676510989665985
0.2601574957370758 0.340080589056015
0.29835209250450134 0.07771364599466324
0.2603430151939392 0.3372947573661804
0.931179940700531 0.6041834354400635
0.9225484132766724 0.6015247106552124
0.8993508815765381 0.4891354441642761
0.22151054441928864 0.29621148109436035
0.2745884358882904 0.020644329488277435
0.7515391707420349 0.04273345693945885
0.8459625244140625 0.44328203797340393
0.7091568112373352 0.7552986145019531
0.5693402886390686 0.3738550543785095
0.7616212964057922 0.34483301639556885
0.4217388927936554 0.49067577719688416
0.04465499892830849 0.47315552830696106
0.5086257457733154 0.4305780827999115
0.2709029018878937 0.016098305583000183
0.5724505186080933 0.3471909165382385
0.4598434865474701 0.7393765449523926
0.6235772967338562 0.04717949405312538
0.9136423468589783 0.5516955256462097
0.8322304487228394 0.4496377408504486
0.0494757704436779 0.473442018032074
0.5556396842002869 0.5470525622367859
0.04633047804236412 0.4765905439853668
0.7486206293106079 0.0421321839094162
0.8650367259979248 0.19912636280059814
0.8758789300918579 0.1953488439321518
0.571075439453125 0.34729650616645813
0.5063580870628357 0.1888052225112915
0.4885340929031372 0.7823124527931213
0.6248719692230225 0.046990588307380676
0.6512385606765747 0.38359203934669495
0.7082411646842957 0.5207460522651672
0.5354454517364502 0.21052107214927673
0.4279021918773651 0.4970078766345978
0.4984039068222046 0.19604185223579407
0.365721732378006 0.6254095435142517
0.32296502590179443 0.09223269671201706
0.4793860614299774 0.1728556752204895
0.9119142293930054 0.5518152117729187
0.9159018397331238 0.49372589588165283
0.8516379594802856 0.17997083067893982
0.26943299174308777 0.01825322024524212
0.7079077959060669 0.7544963955879211
0.046022288501262665 0.4851338267326355
0.5033966898918152 0.43011412024497986
0.4504556357860565 0.6418048739433289
0.26325660943984985 0.33670294284820557
0.46754226088523865 0.5459036231040955
0.2618614435195923 0.33765774965286255
0.4241555333137512 0.8338837027549744
0.4283435642719269 0.6755644083023071
0.6823339462280273 0.6547320485115051
0.32154902815818787 0.7259855270385742
0.2550061047077179 0.4431035816669464
0.7103403806686401 0.7544940114021301
0.6100466847419739 0.04938965663313866
0.3079836070537567 0.017020592465996742
0.5063348412513733 0.1954808384180069
0.2982052266597748 0.08010038733482361
0.32432830333709717 0.34927693009376526
0.8173707127571106 0.3525916039943695
0.6379972696304321 0.21016274392604828
0.3532758951187134 0.10485528409481049
0.8637655973434448 0.1978866308927536
0.2898394763469696 0.03566260263323784
0.2731775939464569 0.6333430409431458
0.6093443036079407 0.0479884073138237
0.03966715186834335 0.4716447591781616
0.8449978232383728 0.44345319271087646
0.5554109215736389 0.5460517406463623
0.5107408165931702 0.43136557936668396
0.6007825136184692 0.0005484222783707082
0.23364238440990448 0.34705135226249695
0.6392331123352051 0.21003451943397522
0.8637048006057739 0.19603660702705383
0.6151131987571716 0.36604756116867065
0.6972927451133728 0.05546410381793976
0.5492161512374878 0.5439110994338989
0.02450224757194519 0.4551522433757782
0.003116871230304241 0.5034162402153015
0.7052755951881409 0.7551751136779785
0.7042450904846191 0.7591229677200317
0.44403624534606934 0.1482969969511032
0.6256874799728394 0.037267208099365234
0.5297835469245911 0.4284619987010956
0.5704107284545898 0.37314099073410034
0.40087172389030457 0.1281002312898636
0.24692517518997192 0.3183375298976898
0.4413771331310272 0.14447763562202454
0.6222691535949707 0.043425217270851135
0.9166662096977234 0.4925835132598877
0.6978179216384888 0.058194804936647415
0.5541692972183228 0.5473704934120178
0.4787644147872925 0.17439471185207367
0.0256935004144907 0.4768172800540924
0.29189711809158325 0.3573678135871887
0.9188084602355957 0.6027208566665649
0.4271955192089081 0.4977250397205353
0.2613779902458191 0.08389086276292801
0.7523276209831238 0.03477492183446884
0.2533295154571533 0.44923388957977295
0.886728823184967 0.55377197265625
0.018277650699019432 0.45866772532463074
0.2829861044883728 0.026065727695822716
0.7448295950889587 0.00891565065830946
0.6222240924835205 0.04475727304816246
0.706333577632904 0.7360694408416748
0.9004110097885132 0.40363210439682007
0.027137132361531258 0.4736148416996002
0.9182398915290833 0.601302981376648
0.5490755438804626 0.17511124908924103
0.388909250497818 0.6945767402648926
0.22662536799907684 0.36452794075012207
0.35736095905303955 0.5981178879737854
0.45016708970069885 0.6428616046905518
0.9109962582588196 0.5531752705574036
0.011405919678509235 0.4676176607608795
0.5030058026313782 0.1896326094865799
0.054748136550188065 0.5082157254219055
0.02915697917342186 0.4813445210456848
0.2633095979690552 0.40893062949180603
0.9231319427490234 0.6198940277099609
0.9010356068611145 0.6284812688827515
0.5977647304534912 0.05221429467201233
0.8172010779380798 0.35502558946609497
0.31348633766174316 0.0014380284119397402
0.4672025144100189 0.5228246450424194
0.2616179585456848 0.341082900762558
0.17830722033977509 0.2970706522464752
0.42178183794021606 0.6569065451622009
0.030593348667025566 0.4767100214958191
0.05941232666373253 0.4456939995288849
0.9647012948989868 0.6236873269081116
0.5033907294273376 0.19094564020633698
0.7460759878158569 0.00930874515324831
0.9518157243728638 0.48283132910728455
0.389198362827301 0.6708794832229614
0.6964563131332397 0.054528214037418365
0.7102010250091553 0.7449151277542114
0.06493137776851654 0.47947320342063904
0.0332830585539341 0.48548200726509094
0.42313364148139954 0.8331925272941589
0.28597643971443176 0.34330394864082336
0.765384316444397 0.3448185324668884
0.06469684094190598 0.47682350873947144
0.2639266848564148 0.340762734413147
0.6138231158256531 0.3657824695110321
0.6239348649978638 0.35546183586120605
0.9617879986763 0.632433295249939
0.5704237222671509 0.37516531348228455
0.48830747604370117 0.22386974096298218
0.9617675542831421 0.6336426138877869
0.31534871459007263 0.0037797836121171713
0.2718046307563782 0.6326515674591064
0.6231297850608826 0.3593447208404541
0.912643313407898 0.5531275272369385
0.8650655746459961 0.1963759809732437
0.26289787888526917 0.3415299654006958
0.5475611090660095 0.3529151678085327
0.49153754115104675 0.7848376035690308
0.6413710713386536 0.21623851358890533
0.4277063310146332 0.4936177432537079
0.30655211210250854 0.015778863802552223
0.8169434070587158 0.3538060784339905
0.00581128615885973 0.5070125460624695
0.269803524017334 0.016930891200900078
0.43139415979385376 0.8056097626686096
0.28377553820610046 0.027097906917333603
0.2633507549762726 0.08330678194761276
0.03206172585487366 0.47127968072891235
0.4252163767814636 0.8344190120697021
0.03206172585487366 0.47127968072891235
0.7656700611114502 0.3473831117153168
0.7656700611114502 0.3473831117153168
0.5363752841949463 0.21123677492141724
0.6139237284660339 0.3640155792236328
