-0.6117604374885559 -3.185688018798828
14.603286743164062 20.56221580505371
2.015824317932129 -1.808899164199829
11.592049598693848 21.187946319580078
2.037203073501587 -3.3486380577087402
23.52224349975586 10.947026252746582
-15.803929328918457 18.01044273376465
-40.64242172241211 25.943632125854492
20.14218521118164 -18.714967727661133
44.08280944824219 -22.804140090942383
-31.592321395874023 -4.613507270812988
-48.80415344238281 -20.547006607055664
15.74303150177002 -20.681310653686523
33.09414291381836 -40.03392028808594
-7.15332555770874 -1.0706017017364502
-17.873079299926758 -22.503902435302734
0.5454443693161011 -4.2499003410339355
-15.093415260314941 -24.176681518554688
23.493450164794922 10.574946403503418
30.300647735595703 -6.284791469573975
0.8554677367210388 -2.987504720687866
23.60083770751953 10.557621955871582
-4.511300086975098 0.13651804625988007
-29.565502166748047 -5.27206563949585
2.4974281787872314 -2.4679512977600098
18.674945831298828 -17.880035400390625
-4.327266693115234 -3.499504327774048
-11.635154724121094 23.384502410888672
-13.626321792602539 22.923215866088867
-5.073861122131348 -0.6236439943313599
-15.224325180053711 -7.3020100593566895
-21.36939239501953 16.111289978027344
-1.1845935583114624 -2.989884614944458
24.44755744934082 -9.475095748901367
22.895645141601562 -7.684196949005127
11.56328010559082 17.501392364501953
20.91520881652832 8.01913070678711
16.821590423583984 -20.274961471557617
1.9279497861862183 -0.1678655743598938
-1.7680267095565796 -0.8863213062286377
-2.0303642749786377 3.836538314819336
-29.1202335357666 -2.0104634761810303
8.708808898925781 22.790809631347656
-15.433741569519043 19.101604461669922
-6.214447498321533 -4.461219787597656
-9.898366928100586 -26.549047470092773
-4.28421688079834 -3.529186725616455
-25.08877182006836 14.468012809753418
19.315399169921875 -9.955055236816406
-4.587944030761719 -26.02444839477539
0.179131880402565 -1.2010490894317627
21.834909439086914 -14.238154411315918
-22.438385009765625 42.88240051269531
-20.549497604370117 19.355594635009766
-3.1251657009124756 -0.7149426341056824
4.894762992858887 -28.564849853515625
7.9365973472595215 13.616265296936035
20.467086791992188 -10.062386512756348
25.748323440551758 8.05079174041748
49.602474212646484 1.3085830211639404
-16.637680053710938 -23.186954498291016
18.19086265563965 -18.64266586303711
44.120635986328125 -18.198278427124023
-17.641826629638672 22.51386260986328
8.668219566345215 23.06764030456543
0.5237019658088684 -32.845069885253906
16.000829696655273 -21.86651611328125
13.880517959594727 -23.334550857543945
0.03959470987319946 -4.544619560241699
0.9028505682945251 -5.305953502655029
-2.1147372722625732 -29.3399715423584
-0.20184212923049927 2.823655843734741
-29.416759490966797 -5.391961097717285
21.93152618408203 -12.477685928344727
1.2351264953613281 -3.2256345748901367
10.298105239868164 20.384933471679688
23.00119972229004 -6.660367965698242
11.193639755249023 -24.174131393432617
-7.510505676269531 -4.4742913246154785
-14.037217140197754 -24.894033432006836
1.4855347871780396 -3.3515737056732178
10.246216773986816 21.827987670898438
1.615121603012085 -0.7365204691886902
6.53486442565918 21.796096801757812
2.1290013790130615 -2.5510082244873047
25.224760055541992 -8.103283882141113
2.7551655769348145 -1.8810454607009888
15.051301002502441 19.070615768432617
-3.117600202560425 -4.260280132293701
-29.795907974243164 0.05127974972128868
-22.070743560791016 26.717111587524414
-6.507939338684082 40.865657806396484
2.3211729526519775 -3.912122964859009
21.775726318359375 12.977263450622559
-14.307242393493652 20.826942443847656
20.47335433959961 43.81398010253906
4.689925670623779 51.893184661865234
21.419017791748047 15.028090476989746
37.3944091796875 33.854129791259766
7.267460346221924 21.229228973388672
-17.86005401611328 18.705793380737305
1.1111735105514526 -2.6638238430023193
19.94827651977539 -17.446861267089844
-9.957324028015137 24.2750244140625
20.75494956970215 -15.109395980834961
46.48735427856445 -15.277711868286133
-0.27345532178878784 1.4498802423477173
8.792293548583984 21.07309913635254
-42.627689361572266 9.674845695495605
-17.90033721923828 18.86602210998535
-11.375020027160645 24.548660278320312
-8.552947998046875 -24.947179794311523
44.01899337768555 -22.946651458740234
2.7982335090637207 1.704870581626892
12.312691688537598 16.629934310913086
-5.296040058135986 -3.969736099243164
-18.579790115356445 18.259904861450195
16.313026428222656 -22.699920654296875
0.6966111063957214 -1.4180711507797241
-3.1406781673431396 -0.12540027499198914
-18.98771858215332 -20.78586769104004
-1.152502417564392 21.797266006469727
-0.4225684404373169 2.461174249649048
18.792882919311523 -18.850101470947266
-17.89126968383789 16.304349899291992
-30.806365966796875 -1.3089799880981445
11.567768096923828 43.801517486572266
-14.206316947937012 50.84025192260742
6.91963005065918 23.19285774230957
-17.125694274902344 17.01951026916504
19.90253257751465 -17.565540313720703
0.42177772521972656 -1.5204908847808838
22.58519744873047 12.020329475402832
-4.749925136566162 -0.6239402890205383
8.925353050231934 22.428489685058594
2.5597105026245117 23.780376434326172
-10.942451477050781 19.50798225402832
15.40665054321289 -22.984718322753906
-24.40033721923828 13.923311233520508
24.493942260742188 10.011556625366211
-0.8271607756614685 4.4413065910339355
3.4201807975769043 3.8362081050872803
-27.810396194458008 -1.583322286605835
-38.20515060424805 1.7998709678649902
-32.34152603149414 -5.588074684143066
4.240713119506836 -28.663930892944336
8.304327964782715 21.72060203552246
-0.4929482638835907 -0.3211144208908081
-2.549149513244629 40.6353645324707
18.174114227294922 50.55917739868164
21.1001033782959 13.720508575439453
18.923887252807617 -11.118119239807129
42.776485443115234 -23.810791015625
41.13901138305664 -29.207250595092773
48.04953384399414 -2.78541898727417
-13.853153228759766 -24.976865768432617
17.793424606323242 -20.86701011657715
-18.56478500366211 -29.88930320739746
-1.474793553352356 -35.28404235839844
1.0346070528030396 0.3042950928211212
22.488595962524414 12.309374809265137
21.08519744873047 10.835318565368652
1.8111116886138916 -1.9869654178619385
-10.582929611206055 -3.517643928527832
-7.398326396942139 -0.6978744864463806
-17.264392852783203 19.985231399536133
-40.58430099487305 23.744583129882812
19.234020233154297 14.198781967163086
11.500693321228027 -26.618988037109375
-9.353938102722168 -25.91461944580078
4.17629337310791 -1.4416449069976807
-4.317966461181641 0.31037551164627075
-7.645723819732666 27.35880470275879
7.083981990814209 23.479896545410156
23.873985290527344 12.106220245361328
34.64200973510742 31.153226852416992
9.63477611541748 -45.906639099121094
-16.294492721557617 18.260526657104492
8.92554759979248 22.46331024169922
-6.293245792388916 -30.60060691833496
-0.9166461825370789 -53.451507568359375
37.805538177490234 25.384552001953125
15.552399635314941 28.69551658630371
-27.12033462524414 13.206270217895508
-47.996612548828125 11.172039985656738
11.054442405700684 20.649194717407227
5.570540428161621 2.1155447959899902
22.897754669189453 -11.841361045837402
-14.806355476379395 -20.51889991760254
-30.45726203918457 2.1560144424438477
-6.022870063781738 -2.6297085285186768
-13.2102689743042 -25.499523162841797
-18.961864471435547 -16.847488403320312
-33.46756362915039 -15.662372589111328
15.53452205657959 -23.19171714782715
4.202932834625244 -5.110908031463623
-15.50462818145752 -23.24681854248047
-29.02157211303711 -1.74612557888031
0.26087313890457153 -4.128973960876465
-5.842282295227051 -0.7411215901374817
8.678108215332031 22.460237503051758
-26.388919830322266 -10.381689071655273
22.237735748291016 12.399831771850586
1.025088906288147 -29.106775283813477
-6.307731628417969 29.506933212280273
11.393705368041992 32.91037368774414
-7.691576957702637 -5.9998393058776855
-19.4732666015625 17.457305908203125
-30.867809295654297 -5.563732147216797
-21.743051528930664 17.292415618896484
21.730606079101562 10.530125617980957
19.837890625 -19.330129623413086
-16.25334358215332 -23.38389778137207
27.400497436523438 -4.108803749084473
40.824920654296875 14.34530258178711
21.87347984313965 12.356200218200684
-16.96316146850586 -12.679816246032715
17.023130416870117 -19.41209602355957
-5.970270156860352 -2.075256586074829
17.271804809570312 -20.348173141479492
23.752517700195312 -10.48900032043457
5.389737129211426 -1.627860426902771
-0.7066882848739624 -27.611948013305664
-9.423605918884277 27.556013107299805
-30.510591506958008 37.51980972290039
-2.426522731781006 -28.9852237701416
9.694024085998535 -53.561500549316406
-18.651229858398438 13.137845039367676
25.17491912841797 -4.748830318450928
18.396337509155273 -19.894365310668945
30.426301956176758 -6.688696384429932
9.34007740020752 21.91260528564453
-3.380575656890869 -50.83292770385742
-18.016149520874023 -33.30927276611328
-5.250930309295654 -27.733074188232422
14.04893684387207 -26.746644973754883
-21.889801025390625 -28.044937133789062
16.7467098236084 14.726946830749512
23.51344108581543 -10.25596809387207
15.191262245178223 24.2711238861084
40.346839904785156 22.658294677734375
-20.118257522583008 17.082904815673828
26.308082580566406 -6.07810640335083
2.7073307037353516 46.66361618041992
46.21831512451172 -0.887968897819519
14.164754867553711 -44.5622673034668
24.76073455810547 -8.433235168457031
-28.889387130737305 -7.245569705963135
-18.39083480834961 -21.740882873535156
-34.388492584228516 -31.3851318359375
-9.059025764465332 -27.433732986450195
-5.118889331817627 -29.800804138183594
-16.5651798248291 -23.4401912689209
10.556285858154297 -28.562040328979492
-6.732494831085205 -2.917997121810913
-10.243589401245117 -26.564077377319336
8.525171279907227 22.7851619720459
22.33849334716797 -10.187543869018555
-0.26065295934677124 0.05643724277615547
-9.724452018737793 -26.646137237548828
12.104653358459473 20.828105926513672
-28.99205780029297 2.7364706993103027
23.837692260742188 -7.265352725982666
-18.63485336303711 18.21550941467285
2.452345609664917 2.1109867095947266
-15.252026557922363 20.628467559814453
23.32443618774414 10.505661964416504
27.03951644897461 -5.382492542266846
10.533743858337402 19.286462783813477
-0.522781252861023 -0.15481184422969818
-18.62859344482422 14.606343269348145
7.768662929534912 22.401777267456055
-31.937334060668945 6.756232738494873
-51.50161361694336 3.2152445316314697
-4.196689605712891 0.7859480977058411
-6.727640151977539 28.897533416748047
-20.39473533630371 47.9119758605957
-3.1116340160369873 -28.380659103393555
18.725872039794922 -17.751861572265625
7.729136943817139 23.935283660888672
6.6868743896484375 48.89961242675781
10.506836891174316 23.09026527404785
7.157717227935791 47.82284164428711
22.001893997192383 14.697442054748535
18.737998962402344 -14.228144645690918
0.5958464741706848 2.9462475776672363
27.400943756103516 -3.928997278213501
-20.135412216186523 -46.60837936401367
-37.54505157470703 -55.955589294433594
-4.176232814788818 -6.149198532104492
-28.497756958007812 -2.797593832015991
-7.31550931930542 39.985130310058594
-13.823729515075684 21.620012283325195
22.85845947265625 11.798872947692871
9.444109916687012 17.930896759033203
23.154991149902344 -7.7911458015441895
-28.147565841674805 -43.71769714355469
0.8911765813827515 -3.6749966144561768
-28.41309356689453 -10.881549835205078
-9.754610061645508 -1.9389292001724243
41.30117416381836 -2.0223090648651123
-27.96346092224121 11.16766357421875
22.228759765625 11.695605278015137
18.773324966430664 -13.83470630645752
37.70524597167969 21.92225456237793
11.160111427307129 23.16258430480957
-15.833234786987305 -23.769556045532227
18.494064331054688 -14.075584411621094
24.383907318115234 -9.274999618530273
43.9918098449707 11.949514389038086
-14.280508995056152 -24.71240997314453
-19.05680274963379 17.928050994873047
-18.179452896118164 18.459259033203125
-7.5445876121521 -0.8890336751937866
6.744401454925537 23.23643684387207
-16.928068161010742 19.01288604736328
8.519410133361816 22.899202346801758
2.511718511581421 -0.7792045474052429
-14.216615676879883 -24.110549926757812
-13.675294876098633 19.085966110229492
7.7107343673706055 23.211029052734375
-27.805442810058594 -7.431819438934326
-29.940887451171875 -2.898041009902954
26.11913299560547 -2.7654731273651123
14.105233192443848 17.288240432739258
-5.352043151855469 -3.4607295989990234
8.690214157104492 20.219411849975586
44.260765075683594 -1.6485005617141724
41.12086868286133 14.375151634216309
14.24488353729248 19.554981231689453
26.803573608398438 -6.561354637145996
1.7269573211669922 -2.9137792587280273
18.07671546936035 -20.440086364746094
-0.022677462548017502 -1.243113398551941
10.239523887634277 21.96883773803711
14.031967163085938 18.836210250854492
23.67479133605957 10.356354713439941
-3.403092622756958 -27.567102432250977
12.293293952941895 -26.006208419799805
0.6589019894599915 3.477672576904297
-16.62456512451172 19.555971145629883
-3.317739963531494 3.314789056777954
7.484208106994629 24.24686050415039
19.05925941467285 18.306974411010742
41.30185317993164 14.23523235321045
-15.0464506149292 20.03767967224121
9.172539710998535 21.951454162597656
-2.2306954860687256 -26.895540237426758
-15.500448226928711 -27.064228057861328
46.46239471435547 5.415660858154297
-2.96663236618042 0.30203741788864136
18.233549118041992 -19.746124267578125
20.98307991027832 13.439363479614258
-31.541791915893555 4.56660795211792
-47.366737365722656 -6.420730113983154
14.189667701721191 -15.712252616882324
22.300790786743164 10.724331855773926
-7.757040500640869 27.644575119018555
-13.456830978393555 52.39165496826172
-11.187689781188965 -26.115694046020508
1.9738566875457764 -28.250133514404297
34.308746337890625 -37.10626983642578
22.210988998413086 -12.075797080993652
-39.14006423950195 29.305463790893555
10.432409286499023 21.499130249023438
-4.463879585266113 -29.74203872680664
-28.97269630432129 -3.0069661140441895
12.456550598144531 20.717561721801758
0.6368356347084045 -3.0282251834869385
19.79538345336914 -17.740325927734375
-15.872010231018066 18.852943420410156
8.805201530456543 22.6563720703125
26.99794578552246 -1.851291298866272
-3.2568764686584473 -25.733415603637695
-18.062732696533203 16.7592830657959
0.9165008068084717 -1.537273645401001
23.25733184814453 11.160372734069824
-14.637603759765625 23.535449981689453
-0.8190746307373047 -28.810962677001953
-29.86058807373047 -3.6634063720703125
19.060224533081055 -18.845855712890625
-9.349356651306152 -25.83286476135254
-6.605828762054443 -2.5067555904388428
-17.74533462524414 18.87870979309082
-12.774688720703125 -24.48639678955078
-2.632937431335449 -4.3896307945251465
-6.27382230758667 3.220456123352051
22.890256881713867 10.027806282043457
1.9469001293182373 -2.1533100605010986
10.721049308776855 21.614038467407227
17.249767303466797 -19.211103439331055
-10.841876029968262 23.913448333740234
35.43008041381836 30.685047149658203
-12.440556526184082 25.84571647644043
10.267349243164062 20.144405364990234
10.168731689453125 21.740266799926758
-14.169829368591309 -24.636398315429688
44.642051696777344 -18.264938354492188
11.457934379577637 21.01820945739746
3.6427228450775146 -28.99074363708496
0.8283528685569763 -2.544306516647339
22.44882583618164 12.237823486328125
-8.086341857910156 -0.5501652956008911
-17.672977447509766 18.576047897338867
7.815518856048584 -31.990585327148438
25.240886688232422 -8.103852272033691
-15.391165733337402 20.446577072143555
15.320008277893066 21.431718826293945
32.91334533691406 23.38920021057129
-24.91608238220215 -0.7458007335662842
-32.5742301940918 -27.780366897583008
-11.459280967712402 -26.076251983642578
-3.0650510787963867 -4.268665790557861
12.808247566223145 -22.5364933013916
-14.763280868530273 -20.569360733032227
-15.141314506530762 43.26533126831055
20.529483795166016 13.589958190917969
12.291263580322266 33.48971176147461
36.045650482177734 29.672237396240234
15.5992431640625 18.678359985351562
-17.408212661743164 18.44211769104004
9.171396255493164 19.483970642089844
-14.905221939086914 20.72430419921875
0.6915374398231506 -29.40237808227539
25.310667037963867 8.216696739196777
26.702600479125977 -4.942832946777344
18.086702346801758 -20.21076202392578
-10.459041595458984 -26.577699661254883
-17.867168426513672 18.747255325317383
23.778820037841797 -10.294782638549805
12.625929832458496 18.416122436523438
-32.67474365234375 5.526047229766846
-36.22639846801758 30.54885482788086
-8.340502738952637 -24.84914779663086
-29.072744369506836 6.230935573577881
-4.682398319244385 -0.6713504195213318
11.871634483337402 20.782865524291992
-31.09036636352539 -0.5185729265213013
20.00061798095703 -17.517763137817383
-4.724005699157715 28.872041702270508
14.550995826721191 18.822189331054688
20.979206085205078 10.735431671142578
-6.994920253753662 41.059173583984375
9.955126762390137 22.050758361816406
20.67064666748047 -16.113361358642578
-29.801998138427734 -3.1984636783599854
9.577874183654785 22.25843620300293
-29.115882873535156 1.438118577003479
-2.1332650184631348 -28.692590713500977
27.279294967651367 -9.94832706451416
42.250144958496094 11.419754981994629
-41.31447219848633 -28.352325439453125
-24.555204391479492 13.445313453674316
37.795433044433594 26.85028076171875
-15.186503410339355 -24.104103088378906
14.782048225402832 -46.95390701293945
21.893795013427734 12.85888385772705
1.4261157512664795 -3.4050958156585693
22.05777359008789 12.397361755371094
-18.698253631591797 -20.16672134399414
-32.10206985473633 -9.957470893859863
-28.323070526123047 -10.370926856994629
-14.719971656799316 20.94098472595215
13.200440406799316 19.674718856811523
21.064451217651367 -12.042071342468262
-3.54408597946167 -29.409320831298828
9.682182312011719 -49.48733139038086
-30.3665771484375 1.7603518962860107
22.893535614013672 -12.421103477478027
17.82621192932129 -19.617382049560547
43.22040939331055 -21.937408447265625
8.049145698547363 22.237768173217773
-2.245879650115967 -24.93450164794922
-5.285872459411621 -3.8094592094421387
-9.652508735656738 -26.63628578186035
8.786263465881348 22.56377410888672
-12.556862831115723 22.299346923828125
22.379213333129883 -11.708845138549805
-14.059041023254395 22.02008628845215
26.581546783447266 12.334691047668457
28.05123519897461 -7.36150598526001
-19.990367889404297 -15.370206832885742
-22.156291961669922 12.550809860229492
-21.593063354492188 -12.103056907653809
-10.395795822143555 -23.825075149536133
1.3621290922164917 -3.27931547164917
-14.15322208404541 -21.43095588684082
14.548955917358398 -17.7974910736084
-16.143108367919922 19.72821044921875
-4.206009864807129 39.12203598022461
-18.07984733581543 50.84257125854492
-38.532474517822266 30.811391830444336
47.457984924316406 13.317659378051758
-9.953381538391113 24.435529708862305
25.29277801513672 10.246460914611816
40.12275314331055 18.690650939941406
15.340103149414062 16.678354263305664
39.664215087890625 -27.381914138793945
-36.4918212890625 -22.41072654724121
-18.84161376953125 -29.896799087524414
3.4012205600738525 -29.069414138793945
-21.686582565307617 18.637468338012695
-45.83551788330078 12.733129501342773
-17.142578125 -22.654598236083984
12.256379127502441 21.98497772216797
-6.071200847625732 -25.67097282409668
11.504091262817383 21.24860191345215
19.150360107421875 53.23833084106445
9.223928451538086 23.587865829467773
5.034184455871582 48.140316009521484
-15.132399559020996 -49.400291442871094
1.2918334007263184 -1.5524520874023438
-17.03982925415039 19.03619956970215
41.332557678222656 -24.668134689331055
-26.976964950561523 31.765296936035156
-7.406704902648926 39.12348937988281
-12.854179382324219 22.956979751586914
24.627254486083984 -7.7791547775268555
1.5879465341567993 -2.6933178901672363
24.094188690185547 12.27521800994873
24.613025665283203 -9.944639205932617
24.380769729614258 8.589351654052734
19.97234535217285 -17.586658477783203
-3.0487377643585205 0.274013876914978
-8.084413528442383 -26.199073791503906
7.8292155265808105 23.153003692626953
21.9569149017334 -12.07846450805664
20.794614791870117 14.210501670837402
14.98088550567627 -23.643096923828125
-9.74939250946045 -25.108701705932617
19.905874252319336 14.946303367614746
23.40352439880371 11.07280445098877
-28.703004837036133 -9.715198516845703
-15.893743515014648 -23.901166915893555
4.561132907867432 24.025999069213867
4.832571506500244 46.80463790893555
-15.335721015930176 19.49024772644043
-44.138877868652344 12.404367446899414
-25.1531982421875 10.512051582336426
-28.816083908081055 -3.919828414916992
17.50311851501465 -20.739999771118164
-5.93723726272583 0.6552740931510925
8.055651664733887 22.932723999023438
-29.84232521057129 -2.213919162750244
18.171520233154297 -19.87512969970703
-22.48191261291504 44.333290100097656
-26.73670768737793 -9.041062355041504
24.326549530029297 -9.699063301086426
-3.889963388442993 3.3497653007507324
-29.73577880859375 -2.483893632888794
-4.41082763671875 -26.565921783447266
19.133724212646484 -13.150583267211914
-27.594282150268555 -11.878249168395996
16.31894874572754 -22.63216209411621
-3.5601367950439453 -26.40364646911621
-8.457372665405273 -26.240493774414062
-0.4455164670944214 -4.439666271209717
-0.5481571555137634 -30.640230178833008
21.817415237426758 -44.356468200683594
15.805798530578613 -22.276798248291016
-2.3450984954833984 -28.7655029296875
-33.52755355834961 6.794768810272217
-32.21742630004883 -2.992816925048828
-19.154088973999023 -23.592578887939453
-27.57529067993164 -44.49839401245117
-27.624279022216797 -10.096887588500977
23.503629684448242 -10.526366233825684
21.450645446777344 12.252070426940918
14.881092071533203 -21.00524139404297
-45.02805709838867 27.359697341918945
-31.94892692565918 -11.099360466003418
25.51544952392578 -6.9621381759643555
17.368270874023438 10.738983154296875
-30.651887893676758 -39.6032600402832
-9.024807929992676 47.08363723754883
-27.69917869567871 -5.467282772064209
-14.842974662780762 20.907352447509766
22.727243423461914 11.73940658569336
-32.612876892089844 -34.514469146728516
23.509584426879883 10.787259101867676
-25.324085235595703 0.43767982721328735
24.118682861328125 9.63782787322998
-30.436908721923828 38.43205642700195
-6.96751070022583 -3.2503161430358887
0.20758582651615143 -5.046412944793701
0.4191250503063202 -7.5421319007873535
-5.353543281555176 46.649391174316406
-19.114925384521484 43.325706481933594
46.95907974243164 -16.951210021972656
-7.248113632202148 26.60798454284668
38.22544860839844 25.339567184448242
-4.863315105438232 3.2543258666992188
-30.7261962890625 2.9385323524475098
1.161853313446045 -4.566349029541016
13.107142448425293 20.036128997802734
-8.157129287719727 0.24759884178638458
-2.175133228302002 -49.44711685180664
18.131746292114258 45.17133331298828
-29.242630004882812 -7.924550533294678
10.408957481384277 21.607450485229492
-14.337450981140137 19.60702896118164
23.250362396240234 0.6110514402389526
-25.246021270751953 12.502519607543945
-29.78999137878418 -1.4536601305007935
-13.42908000946045 -18.076108932495117
13.408506393432617 -20.967212677001953
-18.842737197875977 17.932443618774414
-53.63396453857422 3.2838971614837646
19.554702758789062 13.914243698120117
17.370929718017578 -18.579971313476562
-28.33708953857422 -7.384716987609863
-15.299601554870605 20.65114402770996
-4.767697811126709 0.41445016860961914
30.173105239868164 40.103240966796875
1.0118757486343384 -3.4346344470977783
6.246746063232422 -29.835378646850586
-26.51317024230957 11.91954517364502
-50.61141586303711 3.5658419132232666
-20.837377548217773 -15.190650939941406
-17.891271591186523 -21.3463077545166
16.034900665283203 18.433090209960938
-6.398651599884033 27.30010986328125
-4.0764336585998535 27.43851661682129
-34.630271911621094 27.875839233398438
-20.777206420898438 16.200544357299805
46.74330520629883 11.709612846374512
21.19236946105957 -10.602639198303223
-12.684133529663086 -25.44112205505371
13.927342414855957 -25.292818069458008
-42.08981704711914 -25.248388290405273
-4.477344512939453 3.7239761352539062
-25.390872955322266 13.011714935302734
25.185285568237305 -8.105023384094238
-29.82539939880371 -5.177532196044922
-4.867122650146484 42.30519104003906
-14.305490493774414 21.87144660949707
17.014707565307617 -21.787456512451172
19.686080932617188 -17.439865112304688
-12.991665840148926 -25.482704162597656
10.935826301574707 21.57489585876465
25.23754119873047 -8.131407737731934
20.07550048828125 -20.10340690612793
-3.1205666065216064 -29.42799186706543
-5.2603020668029785 -3.6663732528686523
-28.513689041137695 9.506464004516602
-29.407899856567383 3.719348192214966
39.81425857543945 27.49315071105957
22.47232437133789 11.031286239624023
-30.116413116455078 1.866004467010498
-17.468935012817383 18.949193954467773
25.782489776611328 -10.69781494140625
27.06814193725586 0.05560195446014404
-7.715916156768799 -27.61552619934082
-10.589520454406738 -26.395219802856445
-10.647456169128418 -26.328004837036133
14.684619903564453 -24.112838745117188
-9.670889854431152 25.385766983032227
39.22666931152344 25.861310958862305
23.799741744995117 -10.28582763671875
-29.550012588500977 -8.279504776000977
28.53936195373535 -2.7339587211608887
0.38099056482315063 -50.9332389831543
-6.112087726593018 -0.18443672358989716
-29.90604591369629 -12.62757396697998
19.61042594909668 -19.55165672302246
43.47884750366211 -23.5426082611084
9.926636695861816 22.054529190063477
-19.88737678527832 17.326650619506836
23.551603317260742 10.680574417114258
-28.5817813873291 9.257912635803223
-33.762779235839844 37.94567108154297
22.328344345092773 -44.590213775634766
31.9332332611084 -44.75706100463867
7.111924648284912 24.520166397094727
-3.9974520206451416 -27.0613956451416
41.66180419921875 15.113018035888672
23.872447967529297 -10.624388694763184
-13.80740737915039 21.767698287963867
16.141643524169922 -22.670915603637695
-3.522739887237549 -27.177270889282227
-52.037925720214844 5.222507953643799
22.251985549926758 12.538025856018066
3.958653211593628 -4.522885322570801
-5.951552867889404 -27.081403732299805
-6.975398540496826 26.36285400390625
32.65210723876953 34.58864212036133
0.21709506213665009 -3.8270325660705566
17.619464874267578 -21.078956604003906
-39.63786315917969 29.26395034790039
-2.9717800617218018 -28.969894409179688
1.3004060983657837 -33.07417678833008
3.8906643390655518 24.519329071044922
7.823544979095459 23.129901885986328
-12.214837074279785 -25.978252410888672
18.754568099975586 -13.070568084716797
-37.58022689819336 3.7808523178100586
-17.72516632080078 18.627071380615234
-17.438312530517578 18.936264038085938
2.2343220710754395 -2.5103440284729004
-9.061782836914062 -26.976428985595703
28.11305809020996 -37.8304443359375
38.208805084228516 26.736650466918945
11.139280319213867 45.227745056152344
1.2221276760101318 -51.34975051879883
-16.648744583129883 19.61330795288086
-29.47715950012207 -2.7004244327545166
14.4599609375 -23.754802703857422
24.75015640258789 -6.2564849853515625
25.2729549407959 -6.821353435516357
19.758724212646484 -17.88658905029297
-16.0263614654541 45.764625549316406
-22.74494171142578 15.381321907043457
20.96673011779785 13.219735145568848
-39.595951080322266 17.789127349853516
-10.48241138458252 -24.829538345336914
-2.2585806846618652 -27.388219833374023
1.5482622385025024 -38.44365692138672
12.843419075012207 -26.630521774291992
44.916141510009766 12.035951614379883
47.174774169921875 11.585375785827637
-6.709499359130859 -3.051863193511963
-41.25186538696289 -23.290502548217773
-13.989194869995117 21.478515625
24.59282684326172 -9.359288215637207
30.06218719482422 -36.558311462402344
-2.4135725498199463 -28.647878646850586
-21.36565399169922 14.570226669311523
-4.425411701202393 -28.420358657836914
24.796606063842773 -5.055834770202637
20.956220626831055 13.848623275756836
11.637700080871582 20.571542739868164
-8.791521072387695 26.789880752563477
-17.455402374267578 19.172607421875
24.190744400024414 38.0968017578125
-17.723194122314453 -21.24418067932129
-23.822011947631836 13.8294038772583
-20.42289924621582 -19.05971336364746
34.48939895629883 33.49977493286133
9.033820152282715 22.312314987182617
-15.51705265045166 20.524961471557617
-19.365184783935547 -46.05512619018555
9.703773498535156 -28.441850662231445
7.982861518859863 22.3584041595459
24.40033531188965 -9.768348693847656
-32.306427001953125 3.5503764152526855
-48.51108932495117 -7.11444616317749
0.21511434018611908 -28.364545822143555
-17.89476203918457 45.70054626464844
-2.6135151386260986 -25.972373962402344
1.1339424848556519 -3.5769832134246826
-29.886615753173828 -7.89208459854126
11.242764472961426 21.316869735717773
28.290637969970703 38.33027267456055
-30.213672637939453 -1.9729913473129272
18.680084228515625 -19.504352569580078
9.772074699401855 21.84195899963379
9.045465469360352 22.374486923217773
-28.40610122680664 -5.7906599044799805
25.247920989990234 -6.375552177429199
11.575529098510742 21.202543258666992
40.39036560058594 -26.82538604736328
0.9292398691177368 -24.66315269470215
-18.7792911529541 -15.345542907714844
21.69855308532715 -14.400446891784668
15.295642852783203 40.73110580444336
-18.45425796508789 17.803625106811523
-4.4101152420043945 -3.6466307640075684
-17.377347946166992 -22.557918548583984
27.400005340576172 -5.833150863647461
46.328514099121094 -22.955204010009766
3.5815937519073486 -4.734649658203125
10.967550277709961 21.343862533569336
-1.250353217124939 -29.112058639526367
-12.419060707092285 23.125280380249023
22.43781089782715 11.973225593566895
12.341996192932129 20.785429000854492
-16.072153091430664 -14.144413948059082
-3.0113203525543213 -29.094696044921875
2.4258973598480225 -1.8550502061843872
-58.35142135620117 0.291657030582428
21.431381225585938 13.378376960754395
-66.8378677368164 -22.3471736907959
9.660924911499023 22.110820770263672
5.17525053024292 -36.580196380615234
7.384649753570557 23.333393096923828
16.11721420288086 -14.87503719329834
21.551040649414062 11.07715892791748
-13.764129638671875 -25.738754272460938
-27.915414810180664 -7.5924882888793945
-0.4075722396373749 49.07672119140625
21.079017639160156 13.734939575195312
-21.064027786254883 -27.026182174682617
-18.543373107910156 18.194849014282227
-17.51781463623047 19.030467987060547
-37.46113586425781 32.93471145629883
39.71449661254883 -29.822551727294922
-7.046079635620117 -1.9552950859069824
-16.962417602539062 19.40712547302246
10.236589431762695 47.39085006713867
-29.89582633972168 -2.1955268383026123
4.659964084625244 24.388721466064453
35.103759765625 13.860430717468262
9.096000671386719 22.486135482788086
-30.246967315673828 3.403635025024414
22.680110931396484 -12.425292015075684
-13.518244743347168 -25.227357864379883
-13.916932106018066 -24.594663619995117
13.9756441116333 -23.830678939819336
-29.468544006347656 -7.9897356033325195
-19.739046096801758 17.161331176757812
-9.20945930480957 -25.748695373535156
23.28325653076172 11.104488372802734
-12.472481727600098 -25.543426513671875
30.916831970214844 -38.02693557739258
17.173507690429688 -51.72049331665039
5.386460304260254 -29.714929580688477
-2.575338840484619 38.889591217041016
-15.758136749267578 20.400157928466797
-17.82250213623047 -21.00923728942871
-6.22688102722168 -3.6617021560668945
-30.3333740234375 -8.670005798339844
-38.603939056396484 -27.179771423339844
47.94641876220703 -2.625081777572632
-34.667781829833984 19.624547958374023
18.692834854125977 -19.19843292236328
1.7918628454208374 -2.0554697513580322
-5.154387950897217 40.309688568115234
18.542646408081055 -19.55426788330078
10.688963890075684 21.634809494018555
-5.609238624572754 -3.3466668128967285
-20.706134796142578 16.793611526489258
8.845685005187988 22.476856231689453
-12.575089454650879 -25.16586685180664
23.211271286010742 10.98499870300293
-20.322437286376953 16.892776489257812
16.450227737426758 -22.148792266845703
20.44607162475586 -16.51675033569336
25.54631805419922 11.880576133728027
15.061080932617188 -24.22727394104004
21.151485443115234 13.733664512634277
8.584545135498047 22.856189727783203
19.379329681396484 14.765037536621094
-23.712791442871094 14.146791458129883
21.84992218017578 13.052738189697266
25.337228775024414 -8.143311500549316
24.290546417236328 9.410072326660156
16.186538696289062 -22.839876174926758
-15.363730430603027 -24.04831886291504
-19.32559585571289 17.217329025268555
-3.572700023651123 -28.63372039794922
-0.43573427200317383 45.51201629638672
7.771328449249268 23.36919403076172
24.748703002929688 11.62990951538086
17.511320114135742 -20.700504302978516
-15.990026473999023 -11.722440719604492
-28.80756950378418 -1.7953133583068848
-1.1317932605743408 -51.889564514160156
29.47795867919922 41.300758361816406
-11.74728775024414 -25.57508659362793
7.342267036437988 24.468509674072266
17.265432357788086 -21.430744171142578
-29.288270950317383 -5.110588550567627
0.054194748401641846 -29.540300369262695
-21.800199508666992 44.451656341552734
21.321144104003906 13.316934585571289
17.34248161315918 -39.536033630371094
10.419539451599121 21.493684768676758
-5.267560005187988 27.542057037353516
-31.074542999267578 1.1091388463974
17.43223762512207 -20.787250518798828
10.16845703125 21.987510681152344
24.85541534423828 -8.018694877624512
4.125418186187744 -29.468948364257812
15.754256248474121 -22.69801902770996
22.18484878540039 12.554160118103027
21.081308364868164 13.519193649291992
17.9127254486084 -20.606616973876953
39.56412124633789 14.42735481262207
15.97181224822998 -23.333423614501953
-7.389175891876221 -1.5609186887741089
-18.148645401000977 18.576913833618164
18.864580154418945 -18.228221893310547
-37.7502326965332 -26.311649322509766
-25.920604705810547 -41.847137451171875
43.87042236328125 -21.775768280029297
8.603860855102539 22.811237335205078
-29.392730712890625 -5.384430885314941
14.923673629760742 -23.888912200927734
2.1123244762420654 -28.718402862548828
-26.37640380859375 -6.442121505737305
-29.908079147338867 -2.473809003829956
1.9995002746582031 -2.518989324569702
12.721256256103516 20.404890060424805
11.466586112976074 -43.57803726196289
-10.379049301147461 24.682340621948242
23.66400909423828 -10.995220184326172
-2.5005929470062256 4.447390079498291
17.801923751831055 -20.895715713500977
-19.612430572509766 17.37033462524414
-26.899688720703125 42.84766387939453
-40.569156646728516 -8.142723083496094
-18.15554428100586 18.13300895690918
-3.6171364784240723 43.67298126220703
-40.669979095458984 26.652523040771484
-39.626129150390625 -22.227582931518555
-4.978796005249023 28.440305709838867
-14.559494018554688 21.330307006835938
-7.223018169403076 26.44272804260254
-23.395959854125977 12.499217987060547
-4.001513957977295 -28.010889053344727
23.0335693359375 -12.176376342773438
-45.86610412597656 5.526749134063721
-2.3769893646240234 -28.748950958251953
-16.89794921875 19.383955001831055
-13.643877029418945 -24.775718688964844
-23.54393768310547 10.343167304992676
-7.800406455993652 26.4615421295166
-1.8970534801483154 -4.440528392791748
-12.175973892211914 -25.668014526367188
47.41169357299805 -1.759416103363037
-7.67877197265625 -27.430240631103516
-28.535411834716797 -4.818317890167236
11.103395462036133 21.50422477722168
-17.254825592041016 19.216381072998047
-13.641494750976562 19.821529388427734
19.878551483154297 -14.317672729492188
-7.369991779327393 -1.6995905637741089
0.9412556886672974 48.86216354370117
-42.05397415161133 21.19721794128418
-1.9745204448699951 -31.419506072998047
-14.12015151977539 -51.92902755737305
-30.110258102416992 0.9338926672935486
-6.473789215087891 -50.51597213745117
0.9311979413032532 -29.285367965698242
6.060819149017334 -0.48479923605918884
16.507112503051758 38.9876594543457
-15.027487754821777 20.510801315307617
6.253556728363037 -28.407594680786133
-5.0573601722717285 -28.29214096069336
8.594711303710938 22.784711837768555
-10.138201713562012 -25.132715225219727
19.650083541870117 -18.12528419494629
15.756247520446777 -22.181903839111328
-29.84665298461914 0.42667096853256226
-14.73096752166748 21.06890106201172
23.956085205078125 -10.229013442993164
-20.31704330444336 15.179824829101562
-16.36301040649414 19.82029914855957
-8.842813491821289 -4.405905723571777
7.6558122634887695 -47.41035842895508
-35.18619918823242 -34.16486358642578
-9.00982666015625 -25.256181716918945
-8.261809349060059 -25.954496383666992
18.090158462524414 -20.24030303955078
11.509916305541992 20.94142723083496
-31.553796768188477 39.378883361816406
-6.550851345062256 -26.858272552490234
-16.66138458251953 19.730417251586914
-15.14991283416748 20.790563583374023
4.921680450439453 -28.35438346862793
22.95939064025879 -6.255514144897461
-30.174800872802734 2.7087242603302
1.8963357210159302 -2.1055147647857666
-31.13538932800293 3.891056537628174
-21.80408477783203 -15.489215850830078
-19.07158088684082 -19.652599334716797
-9.548144340515137 -26.558027267456055
1.5408061742782593 -3.410008192062378
21.736431121826172 12.52366828918457
-8.205665588378906 25.954978942871094
1.021504521369934 -29.642969131469727
18.859033584594727 -18.803329467773438
46.4560546875 -3.7350082397460938
13.769800186157227 19.83197593688965
25.878719329833984 -7.047686576843262
-1.463634967803955 45.75408935546875
-11.374018669128418 -26.185810089111328
24.157453536987305 -10.12692642211914
31.517047882080078 33.423545837402344
-29.090978622436523 -6.146851539611816
-44.59226608276367 21.098146438598633
21.63169288635254 -12.460413932800293
-16.09659767150879 19.684621810913086
-16.802593231201172 18.929838180541992
-7.881217956542969 38.39216613769531
59.51053237915039 7.730684280395508
0.4965917766094208 -4.770633220672607
22.966482162475586 11.501189231872559
6.550774574279785 23.22465705871582
-29.710607528686523 -2.1732444763183594
-29.368371963500977 -6.741530895233154
-28.322898864746094 -9.117199897766113
18.840232849121094 -19.299747467041016
-11.29821491241455 -26.144868850708008
-26.942296981811523 -10.211886405944824
33.070438385009766 35.63478088378906
51.7826042175293 20.646360397338867
-26.002897262573242 -10.834506034851074
9.537025451660156 22.137069702148438
-5.639804363250732 -3.278564929962158
26.88723373413086 -2.8818306922912598
-8.075438499450684 26.804391860961914
-16.223665237426758 19.437746047973633
36.9369010925293 22.494279861450195
10.128809928894043 21.912673950195312
16.65226173400879 -21.613542556762695
-28.783538818359375 -5.429157257080078
-9.686628341674805 -24.751462936401367
10.140316009521484 21.862192153930664
-9.720233917236328 24.93026351928711
44.43498992919922 -12.430861473083496
13.419661521911621 19.753982543945312
-26.587430953979492 11.026049613952637
-26.726116180419922 -5.62604284286499
-26.828556060791016 42.65192794799805
-25.228601455688477 43.10146713256836
42.98186492919922 -18.409852981567383
20.3416748046875 -17.026138305664062
11.020493507385254 21.47770118713379
-29.746896743774414 -4.483322620391846
7.894212245941162 23.053285598754883
1.1003135442733765 -29.153945922851562
-17.157052993774414 19.086898803710938
-14.567587852478027 -24.00360870361328
24.392847061157227 38.96982192993164
