-0.5310382765420485 3.488111074838898
-1.317272378125454 2.9151215837539746
-3.481042843124892 -0.44925078146634034
-4.4079086106509795 -0.48837978022520784
-2.1545660085149074 -8.823411608467406
-1.9547901682314965 -9.86779906866161
-6.57497328153025 3.6622532213897667
-7.328624016864566 3.61567160443806
8.251591964515997 -5.354090482188657
9.507208455981676 -5.748495158573724
7.00981835140487 -0.15157698013860252
8.751794274008033 0.2780637533472122
-8.544366058310093 4.6878984096216065
-9.983021285884904 4.360667464866069
-2.181410263633993 13.822976152355547
-1.7732222399386683 14.94498846446615
-6.294403756686153 -7.9966063261670035
-6.061747541060528 -9.172085651944307
4.877137461888368 -5.779509936935791
5.458729235114107 -7.102886963324151
-5.321232997821987 -6.64592838167178
-5.007716995541682 -7.238803525883633
-4.654948382406153 0.46517927883447796
-5.693866032297453 0.3058262459365459
7.948896433069224 8.418289614706321
6.764601044838182 7.4730889401176075
1.608700155350495 0.07920045157044288
2.222883694496593 -0.4548724887026783
-2.9310181991532227 14.296363799636062
-3.57128606696978 15.297906716302144
1.2778710736986838 -0.9588463327621496
2.2217092269823984 -1.490651387669131
9.361696439805613 -1.7082227031725818
10.626021887665129 -1.6486552893152
6.252714731388022 4.8512594447263435
7.39326236231556 5.599852396059713
3.744143160638156 2.162658114848033
4.576748918373166 3.1825218490755067
0.5540540623509346 -0.7777033509584419
0.12547541154264924 -1.2006647308005984
6.263113716983674 1.5023813639155408
6.961520345250739 2.328891553973962
4.64563800193746 -7.547457076504587
3.890096797950481 -6.258471134443567
0.23772348078352765 -7.773965119288058
0.3147879778429199 -9.323750397518097
8.23748325338524 -0.7865497407291445
6.397166883647945 -0.6950185992217919
1.8231404828669104 8.494838774658087
1.5340654735433692 7.216464538275143
-6.187703088301888 6.040272428985994
-6.932717890926644 5.731117446558406
-8.110002526949248 3.2564836320034445
-9.558717087383076 2.9315679783898387
-3.463552195581483 12.982133993351184
-3.6670827196186786 14.040695018371888
3.7530438405949202 1.6321971142113922
3.6271711719403323 2.0416013151053902
1.6223840695853036 -9.03513806472408
1.9115597568797218 -10.284070068157849
-2.6266523845148355 13.061094653320916
-0.09152143503292376 -0.7463089331291339
-0.6853907123735082 0.22814700334370389
-2.3104916146051764 15.409225210973863
-1.0770040266535115 16.0433172240683
-3.940173638225039 7.328410694845969
-3.429312934642566 6.423280906135698
-2.4801865005081334 -8.218395719465642
-2.772764992537273 -9.649506440053885
-6.070602885119722 -3.4178156607555787
-6.516529450073539 -4.1545724406883995
3.068710578700815 -6.941556681898299
3.9899786826307646 -8.149137179689399
1.9031027177199082 -0.16431380891743946
2.8326048108642428 -1.3034984415449598
0.22556670268590964 3.820841887330769
0.5562927344360898 5.146731076518428
-6.456295860897388 -6.649670247773068
2.3089192591851195 0.06811538812885225
2.6057787367580767 -0.2062820189838286
7.077635425085824 -4.316018049944795
8.3907660761988 -4.1155455722520875
-6.463060324940511 4.679221804928037
-6.042766966558326 4.71576195955408
6.996858411885635 5.992830405618765
8.127373333934056 6.833395637221667
5.554471423824571 -7.499515419005516
6.508860563652845 -8.422533660209234
-0.8764706314222149 4.011579506919267
-1.5747817580917844 4.827319895787137
8.793340105052472 1.2027730623816153
7.162651842069196 0.9636513942576747
-8.74823880342383 -6.211745072536133
-9.923367612893715 -6.262522392225161
-7.143415680429882 -8.263114163287431
1.287302555264514 -9.597570317671929
1.9008978334659536 -10.877168058137245
0.5663927097072907 -1.4071043014895235
0.9824054677159914 -2.2964296665647588
14.63264025840851 1.4196731221656846
15.526794783108777 2.185240102032158
5.043881818846683 3.6717247204070853
4.8834561724292325 4.870317258750416
-5.86742389418764 -6.728043970461164
-8.89612325972572 -3.1190460282243997
-10.123393343239155 -2.8752716822051156
3.984457574187912 -3.0813397538007066
3.709302398294923 -2.5917087836442088
9.180501256828391 5.553726084373677
7.844572222641552 4.701789388898308
3.424397979545432 -8.527076441261556
1.3670934894227862 -0.5488497261653453
6.739587529564859 5.73358691023443
13.871543613497611 0.14353107093436715
14.692892066817073 0.7215102686343702
-2.2078449086195397 -7.018758865871744
-2.552052843939564 -7.777981852281346
6.41465468057082 -9.995518992259477
6.339427347502218 -8.799136401712161
4.013932586907764 -5.201144441006365
3.8308522195702155 -5.941989789453049
2.7085888858816323 1.0945824450203585
-8.546449401336103 5.952869445507697
-9.74168435106136 5.525838326402041
-0.628626401529332 4.230842545576887
-1.674092471704449 4.562285573044722
5.225977894861066 0.5194348823459425
6.629858286681986 0.2177360249974557
2.9513780404674685 3.8838681151103502
3.6172473736980293 5.6562421297414325
0.1849494071059864 -0.2380470215009766
-2.3897878909911014 -3.431795714396136
-1.9974934703512044 -4.386846599981973
4.264692629464081 1.8091155718141545
5.089220135048222 1.4960749556097783
-3.1342030757646 -5.365264869146064
-4.029417260828436 -3.2669395005048596
4.521436841968203 -5.273050820638172
-3.431698751687098 12.522839550016762
4.014045953299643 -9.598635630609294
3.566695576085574 -8.316048436518527
5.8653691930692275 -4.310863919800791
6.498022921640649 -4.197186749509931
11.324345316275945 -0.0911515839210063
9.832601696701339 -0.13708808272427225
-2.3215977990686 13.319094029843393
13.269880833666214 -1.227527356924682
14.112276478470092 -2.2488473159290363
1.9875460560171945 1.8669153641247311
1.871039325663836 2.5245953528650142
3.5950296985665124 -7.595979553044526
3.2207921870800225 2.7275784791714113
3.489505136692311 3.482398714245047
-0.9970173184004036 -0.10277704700564394
6.462081899927124 6.0188601245587705
7.963725376580788 -5.366697921508627
-5.494304537135262 -6.999543429853511
4.986269760407805 6.521326645734259
4.181788756225767 5.496915004382608
4.416801868456474 -3.9747579657343564
5.1231445751429625 -3.7868542273165215
2.3890341385068634 3.8472313419430137
2.6237191871870458 5.085561450412626
7.697504171920009 3.2708535832855983
8.99329935033426 4.149968477173162
4.064263582353162 1.2120768123235357
4.981036924421552 0.49095693833480086
-0.18366828691357276 4.0915630660284785
-3.1626990461353763 -6.750163306630136
-4.734638067450085 13.567269914440377
6.824613454864674 -5.193589238701706
-7.553775392477338 4.844083849195888
-9.149580094443529 6.430677190367782
-2.7680454593925856 12.760443862983262
0.017748171704555508 -0.2547583029028972
-0.8308672055552667 0.3271358791278771
-0.2500569269312052 -1.8809869555690242
-7.634446968894252 -10.278405948735406
-7.551783906007793 -11.595958041015017
-4.37043057072355 -1.1679398967145944
-5.520184126608583 -1.350493580274572
-0.16526258711643932 -2.610681000505423
-0.3066903666853481 -3.598310521160375
3.20699612218193 -0.24910167980118922
4.450334567253331 -0.5289891906954374
-1.3657373889927655 3.4965145095119268
-1.1328621607443399 -1.266541178884466
-1.4886227811912534 -1.6565081586925345
-7.33040672025118 -7.05435094820357
9.437197710679802 5.492031877130664
1.5810932545095553 -0.5082501419298331
1.0432928292883152 -0.465399481652896
-6.870115688064823 7.342325275103693
-7.141471005189263 8.53526803435347
8.877220426567394 -1.7089415015322222
-2.384426258992192 -1.049232568445737
-2.8352807836339413 -0.9431671473738588
-11.379663063300862 -4.400286368158236
-10.357347806088633 -3.9503932661735437
1.4435412197046178 -4.439055528347244
0.3904578262171871 -5.006939964011105
-6.4387880531699215 -3.194778475570881
-4.931479052246326 -7.461996048392522
7.402489899631596 -9.370911333928605
2.498585858959616 -6.013073026821908
2.2975001885574504 -7.322775530096052
0.5668736767687634 4.234181251541789
0.8894896087517985 5.009739324741114
6.0830674500423685 7.661488713418954
6.589465401576806 8.920358892438102
-0.5242586512852446 -1.6527578151354054
-6.494042776863783 7.329755778448561
-0.6691493555323799 -0.24033486666529286
-0.09772456721913243 5.88738310964838
0.314423761489487 7.223692174714092
-4.049260115534662 12.704170789286897
4.84856579448787 -0.33371517331523004
5.839367089508914 -0.5566903934974967
-2.624090141057084 -4.542005214642457
-3.8186773506819383 -4.753936338881635
-9.817246276295776 -6.631751684833904
14.797200754516851 -1.0420242306527112
15.852512303234727 -0.6875039068786732
6.465796161882453 -4.880969175554358
7.849501416835596 -5.264545118093163
5.654563361247497 2.884245075657857
6.0928034777876965 3.6683191217735005
3.4938510298923013 0.445043482282882
-1.0794560378966673 -0.7378028775764911
-7.587559709343502 5.403581519292055
2.865686984616415 4.949299969421185
4.701104094856126 2.0660476192128887
4.595529602711614 6.746533962698946
5.507105399138323 8.041893281208052
10.31866108842893 3.6457330962461065
7.4348542294444995 -6.486211298207882
5.1920222796902085 -0.07112144738500907
0.6541861011300335 -2.0103492922466732
1.3469586345770836 -2.5509663529981133
15.760613783149433 -2.1089410209278117
16.54303285574407 -2.986415547798393
8.364046125587134 -0.6036643054836146
9.08858372684764 8.892924345549545
16.72986808169062 -2.557101751265327
4.471370704605134 -10.773422987133616
-7.383477661652701 -6.828088066876613
3.314245346650626 -7.800642613322579
-4.79605229974254 12.747590201499088
-3.243520337753812 7.014691552404919
-3.691815084689596 7.998014756773312
2.32424737593985 -3.9556833231216895
1.9618412518271382 -2.4467708567722197
1.0657810045149287 0.7367417186893093
-6.1444292798612015 -4.376372987478943
-8.890318882724818 0.19204872083006685
-10.036399904512354 0.520803748328298
-2.8487115589055003 13.730459130033859
1.1816833297570788 -6.954018626864818
1.631369388435692 -7.4554619642153055
1.0846540346781945 -5.075621574441854
-0.9679656695211432 2.8842323857072394
-6.078931922483981 6.715606121998813
4.137057833338156 2.3613833316525437
9.010732749581733 -1.3207289539724334
-10.086219334652261 6.192955055738192
-11.085913428687126 6.515357837327447
-8.93149158958379 -3.7014226466776985
-7.45174518727517 -3.4019024495381758
6.610963397211297 -5.448551447659167
7.770731816027406 -6.412617114078613
6.0159396216022145 -1.073001030234411
7.127716490114416 -1.9375074989579215
3.5677573304075922 6.719776175410021
3.8759387467667223 8.089129193389438
0.09233668887568938 5.5842314711681285
-4.7212359108685185 4.376690061600294
-4.866101088626341 5.00674040424286
-2.855432712178489 13.228148769145855
4.530780855213024 -6.241566149370352
5.955825267902228 7.916669152284494
7.054098621844306 8.701605352115706
-4.2216953563848705 -0.2237556804563479
-5.4618269369401755 -0.6872293327813987
4.302112513219033 1.2877351410742193
5.356435561978457 0.8877595346546396
6.836506916990163 -4.661790614936994
8.354313435933092 -4.922772349953231
6.914241516938599 2.5913501359457753
8.409483400314503 3.0566713864498087
-5.739613131983221 -8.031704720033176
-6.71380819399833 -9.23719915477682
-6.613497783184059 1.7430025187262197
-5.981689141979937 0.9883712968298592
-7.199170585918057 5.86963043549396
-0.40398417067711123 5.821867165359628
0.03678196665898363 7.10255586848173
1.8961869100074085 -4.222110527072384
-3.247484939031433 8.283034898574936
-3.3191358439278744 14.134477983820018
-7.354409402553458 0.42147362863617593
0.11611139807540163 -2.587591459515262
-2.3930511044452287 -5.6514669391644
8.56885841068435 3.7814675908634876
7.031072652784808 3.1392970475888924
5.043146915311254 2.759580876069954
6.368331052962772 3.7806243441127703
10.508244929340789 -2.1470899595480515
4.043808637045363 3.180006854705329
2.700390733412405 -7.623766431021136
-8.544486582772661 -2.8408487430437788
-7.617921591794894 -8.130059908325396
-1.9199447416714774 -7.883513612344392
8.832038007650205 -6.97036374279287
1.0436376882013987 5.810803253789888
1.6267034780227276 6.747240280068276
-8.89928210254026 4.209356334946694
-10.18474654203007 4.8634300728247
-0.00533544990167624 -1.0010751640497375
-0.5351440005101146 -1.97141874093342
0.28903636643939706 -2.917208705050658
3.6520801531287748 -5.5843294400565435
-5.894563390707285 -4.2948443460686665
-11.048657646499471 3.0385228442611316
7.039159760883211 0.5874931954256787
3.104687072844664 3.5467441115659537
1.0830711203956733 -0.17279942476711638
5.5857002331095815 0.7897212127603229
-6.800611971214642 16.27643680424925
-7.362855389871613 17.184897284906224
15.541525387469429 -1.4795533255563893
4.215107428203027 11.770526122990162
3.3176000599684268 10.818942647431872
-0.4590297405407451 3.0310438741075747
4.653428777865993 6.913883483537566
6.065224270614076 7.300094704567615
9.748500190514868 5.047830519956579
5.022591413531055 7.791902356070732
3.2653876881577317 3.3194342280014526
-2.8333857149851096 -6.647659315582486
7.029240753215955 -3.9416187489688705
8.302610877379037 -4.359279124295036
2.7222182626941622 -5.476889761792456
2.3563315670003298 -5.935891795121001
8.86355294323457 5.828473939066206
7.695999457912804 5.148200556139856
8.54122713120696 6.4516817404209705
-11.306023769219152 5.600877995165537
-7.990520800117439 8.03055207616809
-4.856604464177442 13.23472610980999
5.272321812341186 1.785793044521818
5.113632508019597 1.9236053836947213
-4.3305210642371526 13.185441348806615
-3.1025602137954262 13.917356043593957
5.612656463893171 2.037904319215651
6.738964375890916 2.473964419559813
-7.261668197781044 -5.7567360808430825
-8.143443916920868 -6.186155435686099
7.000276952904195 -9.784121190312304
7.679031025080745 -10.726098047964866
10.143552362073635 4.3865163416390835
8.789103616317645 3.323529547870067
-7.187136998633051 -7.262813117089681
5.936149985871308 1.525974151226233
-9.755281417744769 3.4510026962218197
-6.651860831816502 -3.664445926372773
3.676694253033271 11.968326705037354
4.661580074567391 8.264392936479606
-2.4180090958823386 -4.220391525156891
7.627411380327482 1.4418052130135905
8.9488455387127 0.8211816247296206
-3.354336673367414 -7.921811368397633
-3.580085591892058 -9.141330281934838
-6.558723110615376 -8.818060817075137
4.783815599632207 4.309753819703992
-4.465502147127773 -0.9044791423379461
0.5585947866785893 -6.1582937430332185
0.8074166077020762 -6.969486415448896
-0.03315701602624026 -0.5573281705593786
-9.96971932064212 0.09645436703122545
-8.121881625426706 4.459805190631079
-11.083585042588457 -5.105787864483963
-7.222362748242241 -0.9354601065192233
-5.877595382550767 -0.8980820655637684
-4.027591044506569 12.42249464124962
-7.435487801310787 -8.692547830924141
-8.394407475528276 -9.408474485425746
7.6193167884711315 1.6147538329545565
4.7803827312991265 -6.307659852267472
5.620978303895116 -7.252139801410708
-2.738528845491305 -9.927264051998316
-2.0746943339173303 13.466460576457996
10.337483788811603 -2.5319256488215247
0.5136093227721292 4.754105821881488
6.358612084277689 9.181999433929867
2.4385728704829144 9.699377383354152
4.907715539178498 -5.626543994440056
3.3933412969659744 -2.3305917230352375
1.0197700780544865 1.1266472561138514
-2.83837950227431 -1.519998160928891
4.226121825097673 8.015900198446111
-2.4332588921966023 4.824048039558707
-2.198572872947365 6.104747793069517
-2.4807983825356734 13.831799076007576
-1.9488930796642276 14.969972678706242
-7.1846652111386495 -3.4320419143734444
-7.2725550161752155 6.3248298792463995
0.2596710222922369 -6.8031782035590584
7.45465872328704 2.0902713867436185
8.892933820452097 1.9512314370395
3.236291717927896 0.8142305143947947
3.854990313586343 0.3279966125870524
8.872322938978359 2.246880191872746
-0.41697669708899676 4.5389455003641865
-6.200251980560277 7.439148758028882
-6.861174363380974 8.568227724376957
-1.9356739686553384 16.364292496018557
0.7346069906171577 -8.324249347713243
3.871203191066691 -9.809401119165068
4.168373022567965 -10.890112827565423
4.759898286539876 -4.30688015147159
12.623483004271145 -0.16683446935305404
-5.156426649867681 -8.646550158498743
-4.98819556999312 -10.03711662413756
-1.3616698352549044 4.782103650291613
-4.475240470338657 -5.664963568776082
-3.5824542492798304 -4.554657947063328
-5.947604262981249 -4.005984759708227
2.0828786719409305 -0.47693418103372126
4.773515457102447 -5.368819157120057
-3.932445499513471 13.053753318417364
-7.214833329221512 3.2792967214357627
-1.0270139664596178 -6.998472179615429
0.2884268097543853 -6.552831817971985
3.404152831576888 3.6999362631284813
-0.23556801978104752 -2.1778224332071336
-3.1828769935278673 5.397113490153217
-3.9815854945242624 5.699617572339005
-2.77839140549191 7.3726259565112535
0.4077222973750526 -1.134507416230173
2.925018437347117 -8.203665282654521
6.9834371317552915 2.002097938271694
7.795465926882649 -6.1199834949254965
-10.356345702572606 4.27130199452223
-2.0799374636674006 13.114462488277246
-7.0210111777817 -8.59999588374199
1.115321920289527 0.5752142785026395
-5.871807678920739 6.522799363127107
-9.502654138212689 6.3490763241775765
0.886917002124852 5.33388606443125
8.361181742074852 -0.7565469721014735
9.84765963191748 -0.3445166080574835
-5.63734678798522 14.20289767897911
0.05347344082410314 5.2632618414357255
-5.523466096780463 -1.0717097100970192
8.435370707076384 -4.57755979717667
5.3867771633818995 4.5678763316370325
2.1000068438649273 -1.9337214741789408
1.7859847206970128 -1.0686852618371931
-11.50144107437794 -3.578441909637816
-6.487220372288113 -9.352371096567522
-7.019962735300297 -10.467002809376359
-5.710421349238141 -9.314123723984956
1.077233245903164 -6.6757017421129365
6.9191093037958025 0.817199453460956
1.4747160354527564 4.304543034341097
4.450873406269944 -5.979588365181256
5.242691318061953 -7.2651164950003375
-2.676845829840169 -5.618930996578316
4.846918902372441 -3.4793087914066327
-4.9920979394326634 12.977497391273534
-6.069173535353692 13.670485133874312
5.9743464988978365 -5.017434387804104
4.297315199731808 3.3109350519760494
5.097038452765669 4.4839854840060935
-2.1886381953757508 -4.402371181149409
-10.238742675623053 3.649346746074247
8.498383464490608 3.6155930855311995
-1.6670842048538457 -2.4177130544730585
1.6348952935671845 -6.261730502635399
11.19396828406905 4.862244139138006
10.026814850683444 4.2463728652218355
-6.670864131442792 -6.9770735987010095
-7.993730355899828 -7.340099900702806
7.279147092395157 -1.5572904878243532
-4.529981778956934 13.738300237947255
7.083608638607652 5.327913874135728
-4.14552610769413 3.5205345176732457
-4.589338063824677 1.5126899177573065
9.07499129627119 1.3883372949352304
2.6311133718795228 2.0887873778542034
2.339536513660568 2.718689122053259
7.5849095792862435 -1.181311673049942
5.775906525655408 -6.992907259617271
-2.178324491112629 5.9209226978093685
-1.4672375517831224 3.0255874442837234
-2.4046790931207185 2.6859756173757394
2.9737042278983385 3.1147859568858225
-7.339639643964229 8.388262868066201
-8.172092627409835 -7.681821936298123
-9.448498288263819 -8.034484654677435
-7.363419534582562 6.063467523901763
9.470212562135037 -0.6060379276996534
10.721902238836073 -0.14516726674252275
-6.765673245530059 -8.591497001472163
2.530262101181281 4.898337311104338
-2.0255723357036706 3.9355021933464465
2.0176031002542003 -8.689557208520077
3.65552438944154 -10.987017513370462
-7.065760911763001 6.944998554274554
-8.1990632718357 7.786152813444316
5.837667896598697 4.0355640927663465
-2.3352001029517337 3.4960151960364776
-5.6608193335055415 -7.226011614670984
-7.955068701921857 -5.954483409622662
1.29790658277162 2.849529304356278
-4.244847203985314 -8.392280405827162
4.969076063829138 -6.156019947796408
8.53341932545551 -7.3619437870941775
9.47839232607414 -8.167300730249552
-6.724501142511635 15.0585580665438
-7.9365616655764795 15.223338907822821
8.350655007069346 -3.895201418412458
-6.656201961358329 6.330464998436504
-2.2052337044240753 12.964766146307086
-8.306966314691172 -6.463329116762688
3.5553180952226224 -5.910200475311055
4.897552087601576 -7.591019799792609
4.673755034025703 -4.088134239656036
0.2196850738224462 5.8228366794791
-0.03721492933901987 7.220606534377043
7.038342065882381 -6.457327340767566
5.973607349905802 -8.766129490727463
-10.257877512673776 0.06376122219306891
-1.0075209669750331 5.203691390125767
5.5791513973498095 -7.669372725584884
16.87890983851307 -2.0392299630998574
15.768590786150583 0.37386251009253874
1.608758813494559 4.069378451929682
4.4305110849292015 -3.543939003833979
-7.661869200685523 3.7059397592560557
9.134489963340862 -0.12198428298660403
-0.17450472429723649 -3.930076727831975
-0.8508396655610877 -4.724998004714749
1.415215035118643 0.42584491871395114
7.386156133888397 -6.108141610604141
10.690920531183718 -1.1070882232014445
-5.110907933576197 14.755066875384331
-0.00018530127337627056 -2.070046054512402
6.044156763828361 -5.197334643648496
-8.98852349638667 -10.50315734177446
0.5825285600672483 -4.682599552135993
0.7564737840640161 -3.3725784858868333
9.956833298739184 4.71905872246111
-6.6867457254714955 5.705466989883319
1.2705423741719195 0.955571206569489
-1.350233563507923 3.239871052730082
-2.422965301324429 2.86472073623861
5.398934352878277 2.270814339118705
6.295726669660013 3.247688387517218
6.654289266665191 -3.6161477516069764
-2.866055691745424 -7.686412224658312
-0.8351001004006186 -6.838310812217281
-0.4802885894138012 -5.201753074713873
-2.0700862251506242 -8.306154828272978
-2.2909881712025384 -9.844588394565225
-2.303455058155491 12.786479997746197
-5.354499015632602 -9.361936774007631
-7.302039745593508 6.716850493871836
0.35880766935811487 2.1869413237802404
5.049439818321434 -1.0419557560405095
6.170082489757738 9.140388463879221
-9.035928444533583 6.780104594385045
-4.606617171807636 -0.9000805308655938
6.8572609858512905 8.744575766008246
-0.6799748770551038 -1.4374423536762686
-7.714357662423286 3.142696093139347
1.27729450098094 -5.382228771463444
-3.4798255283284947 9.422188703584531
-9.107108993530847 -8.576312051479398
4.986767838769288 -3.3296812886528886
1.5727355645753807 0.20167705809309175
-6.5151146649948615 5.804487563264943
4.85341914809119 0.744061458824157
-7.655700467129808 8.309011692032131
-5.239279895762628 -9.854185411125853
-5.791611998561542 -11.02212686591328
4.875103926016751 -10.708663814421634
5.105048733064086 -11.87889273865022
9.596665640907547 -1.5131361071375633
0.7860779223800743 -5.435721816065256
-2.3363896658124204 2.977804933525183
-4.334500423955114 12.324023915582583
-3.1037043354383447 11.435393253642443
6.5483456075112025 -0.6017111398895897
-5.14616489194951 1.075823130689874
9.196713268184423 2.814361403378519
-6.149362971666822 13.42300416033302
-7.82230031021259 1.287600719433321
4.125694635341114 -6.269060596923927
2.2646572620854757 -5.648145653052829
4.200688249236981 1.1163671869331908
15.312663758921097 2.631019291999914
2.6884441759579625 -7.988484642617009
3.4405151086342536 -5.377697564715235
-7.487678232657427 -2.959812211485975
-8.652356678118446 -2.4287804693104524
-0.9857346951721764 5.557195244902041
7.382098085175364 8.402895095680183
2.2237706490821627 -6.358280844511331
4.624575567375508 -3.440879070110124
-1.1784187646235984 2.7752547084900048
5.008439557218754 -4.1121161320508195
3.117252866686576 4.86395835364019
8.806005390002628 2.5483261006113334
-9.943646707767202 -3.9118222082458645
-2.823433909569976 -1.2716493053957443
0.25970366447959287 -0.3772063165405067
-0.7566888527340317 0.14444968314899925
-2.67621449436174 5.522776354802925
-3.422359634314632 -3.1542475365351565
-3.79647329962318 0.5008300483963563
-5.323074190006364 0.817141468631745
10.460340059373447 3.1528975237351347
-6.96784219801131 2.61037232280597
-2.8276073515874716 -3.9528890693324925
4.169263912154376 2.780223629748904
4.556467106921256 4.747436720195603
7.993835316245852 4.617095671509859
-2.67827325997717 -1.6388098426134878
4.38880564623823 -9.416364141991775
2.2078829821447776 2.9111118000500324
2.307055105789289 4.230970123031748
2.3007363309252207 -8.597465762796016
10.270623402311328 3.9762511387428177
0.7630154205105862 3.4435479456218867
-0.3542550089526723 7.120974779909414
7.81551039352788 -0.3236985321787889
6.440444335940964 -3.6514482246991804
-4.071988141685544 12.150065321824156
-3.7221899745935856 0.03327866349387483
-5.975141504106494 -6.325464925250872
-7.823588801864539 -10.00708093681945
-8.272085043053426 -11.068374556566912
17.04645611944702 -0.5035890570882827
3.4240513343368217 -5.757732803383098
7.02024057638004 1.5497317599847222
-2.4328740662003128 3.253120158562435
-1.8676190271892719 4.279999089540006
2.0867519403936683 4.381737022618689
-5.940264876788212 6.979889315424218
-7.06127683541261 -9.070967631363962
3.082794155763656 -7.891637102146592
-0.6690816938213167 5.521721701861713
-0.7978191381253709 -0.8608667904518378
4.4491694764985725 -5.538349538553941
1.9765954493049558 0.008044816946165788
7.995197317583789 -7.749466848219338
16.929047845839776 -1.5445784304044148
-8.027800092659717 7.888630077436332
1.0014739065751934 5.159470604430091
4.013211914371594 1.8383260371688674
5.666162862030066 9.327253190556629
-3.367268752371852 4.19194820398193
-3.467765774276986 5.387333419180903
-0.4006367415060774 5.706746165377603
-0.6304411762536682 7.054638988977059
-4.537747530548575 12.928291557721732
-2.7802669307417487 -6.917338299889972
0.42498737875874554 -7.116317711713376
4.025926116873698 -5.820499939036342
-0.9858438076074852 0.01441147767668024
-8.226548674170328 -4.109109290830678
8.646894539386134 -7.190826694913391
-4.004735489896593 14.061591335808338
-6.572545427515346 -4.818712744392156
-0.47424748773066605 7.135564907321165
-7.626607072843865 4.232714484602555
-3.447078230808152 -3.4058635520593987
4.898560391302762 -3.839139346704328
5.178735517944791 -3.4040213431292434
-2.7395012244673436 8.873345907743477
-3.9811819044723653 -1.1318306654651873
9.35523628608239 8.572650136898837
-1.2517595939526873 14.492007424643361
-0.8844790329359817 -0.5597062226061418
0.7563006124353416 -2.7719087190763223
3.0833812080945755 -1.3318722139159789
3.4619038617947653 -1.4333237913755976
-9.891209664701604 4.646242532355622
-7.429065077603424 -8.239250470125901
6.7419620053464415 0.8309881395803311
9.439414957701166 5.285168338031216
-4.752097470329867 12.460181213167065
1.631637360115084 0.5833097075576175
15.720476331397053 1.6055457235100872
-8.485356577259555 2.36425320415047
0.9072835237973809 6.9396114858682285
-6.828200502313245 6.622742187082859
5.428673591832472 6.444639328224583
-6.71376401909125 -3.9325030608894593
-8.418984287223182 -3.5172246852457594
16.281476248307797 -3.322073113446511
2.5829402698783297 1.3421425657338566
6.518636425468623 3.6947206313099037
-9.4281215923946 6.811044926902478
5.226259795609067 1.2216707483649005
0.7327709169877482 -9.396120654870478
-5.274751946821902 -10.158315387737265
3.5054480248190085 1.6559970019018895
8.26708013399013 -7.524157697670895
-8.44153265312195 -11.055294050452044
-0.04347774596581647 -9.169606339324083
2.7176957903892425 4.413133460780466
-0.4884899394647822 5.224190260987729
-10.052628429112676 -2.5969715532493636
-5.003869535354249 -7.789815632179836
0.5894666550273301 7.158120693593226
-11.479085762772538 -3.2096875026122147
9.607280290873735 -5.46769494798077
6.065963120783299 -6.727986085458696
-2.82385167669797 8.270767472699314
-3.0388765483286755 15.287913890103065
2.709018572830772 -0.0732691747578133
-3.903873936699763 0.2739877164735815
9.753339643212248 -0.9894752083259213
-0.28513450793643796 -7.031030416774478
-1.6030975590020724 -1.2716744643975797
-9.63639911019471 -7.015718581821331
-5.0610739557486495 -8.16291858866975
-9.115401454711364 7.10896039284424
1.5378795132802006 -0.9944460305545685
2.3928100336487295 -7.744849546271852
6.149615589285219 2.562679464632293
-7.515380062154235 15.714469125281173
-1.5704380734964487 -10.09146319401375
7.575036107695229 -5.778074758342
-2.5870664721464194 13.5989614591371
-2.46671500945068 3.057967468351012
-8.616020968135784 6.96851206715842
-3.8409759462494555 5.968745644688154
-5.621714866382105 -0.6627071238841228
-1.8474365966032942 -10.291206377897359
-10.058175496677137 -0.542373611227217
9.022937809548354 1.7441858973606044
9.169724433164394 1.9728447661005517
10.552798148168632 2.131860763507071
8.198361771773609 4.284345827996725
-2.4852530782990976 16.515465019603592
6.07410419346872 6.247322957173653
0.39857378113302494 -8.35788150264205
2.4349193592823326 0.34743295927412593
7.82574180604609 -5.701300350002996
1.2804964889578345 -10.91692057617892
-5.356139469741813 -1.5638322671929492
-7.660660070124507 4.547504054970801
7.064780712922541 1.1755752347721111
-3.005846312375898 -9.778399426283585
-5.927447082040401 7.286141304865548
9.09048414495746 -0.8152579356255973
3.813011884891446 -2.0491059287693156
3.666127157263815 3.450682066700969
4.6911032252395035 3.0022002482088634
5.529352645196896 4.098212611661077
2.212722559168192 -8.868099430823156
-5.108773040399661 4.427661817224864
10.513057173621258 2.662629667033981
3.195493730578704 6.795248939591847
3.542474687478268 8.229588934140354
7.527098117604975 0.9219040609182797
8.997121093963003 1.0349663293826303
-4.782905737504496 -2.80584990400671
-4.9320672974741395 -3.3204747005436985
5.724889934071582 4.28489860650959
3.8677363569578818 -3.85120649321619
7.496863185751131 -1.6348682282761124
8.299126552679242 9.53668742121568
-0.18006711874898804 1.861130479108036
-8.150017098956466 -5.620682280353153
7.695424779297661 4.9059355112359455
-0.8237026053316234 -8.468596255427093
3.765730108826383 -7.890409748867451
10.32517034104729 0.5900679333816989
-0.8781088053823376 3.2565720835524936
-8.414099437096452 -5.410762792085957
-3.772244654938975 12.28385473458895
3.8272269321356234 4.1618562884110935
4.3991209306484 5.259113323454775
5.2703514084647 -3.6282654406813553
1.1011239895846197 -8.688030887254433
8.284434996246782 -11.618577404946363
-3.308474485748995 4.660107532727448
4.80379926037252 -7.523605992279199
1.6651285427435845 -8.768594122002805
-10.060820703344419 0.7852878069350737
4.891652686072583 1.3240475621694558
0.10831941425147844 1.999897019145021
-9.885459134708972 3.7498297019214677
1.4308842859425555 -8.557972645427279
15.783741339782052 1.1579003603196272
-3.4728933792317886 6.160550072856564
-3.9109605487994994 4.19550541273159
4.927057762945788 12.851474470014145
-3.0305752819009313 -3.793426097894174
-3.031424139212042 6.488331763815665
-6.611479440552089 -2.9401435750290625
-11.477985793655186 -3.9919306253496964
-4.020672742884246 -0.532157728125932
2.613235476738705 0.12965148153336503
-2.1628070969670503 -7.758095406887916
1.1008664114834115 6.928610858405509
6.165133904414268 -4.759600836171312
-6.076486789494094 -6.866899039188805
-3.242974493711248 -3.626240698341848
9.7191555679224 -7.820296443196613
6.389441258178197 5.7403011342217685
-6.219786383217617 -10.840164386324032
-2.0669313189006937 17.56766758962842
-2.4798576266902637 12.62383238935458
-9.357275262060574 5.828075101393156
6.364177734262856 4.1059562111703745
7.452234776165217 5.227561157384294
8.723373715332114 6.063732694869696
-5.437954776589879 -11.46544377662623
8.38391461943444 -0.05618721681007597
-10.552413223232012 7.4247704816867195
5.140454667930713 -7.593530951258507
2.5790972018636853 -7.339444439235507
-0.3702737470284344 5.2253255946941595
3.794214890878445 -4.120813418755305
1.6662985965076793 -1.1766068072641358
4.384510647974922 2.619060251272599
-0.4268701979694877 3.8113040711802157
0.8120857766762481 -1.4357115568604717
-8.616404361296082 7.260020275524158
8.30903315421331 3.979692765642777
2.9880987112972233 8.205062207158916
-6.263783525277571 -9.016040922459203
6.052715644004059 6.025439310309204
-3.049358698819834 5.012333771308488
4.925220763296465 8.080222857541125
-7.5524427928949205 3.317485566601894
-4.105120087079831 5.411176999510183
-1.324031003589051 5.2302779976724345
-1.0191142409049065 -0.2880062572335733
-4.063328156714007 0.14239307841150659
-0.3796874632751301 -6.788359287801323
-2.1158954087850352 -10.198004819708308
-0.18408132579582673 3.299410180179028
-7.2828097146115 4.886204768084235
-0.16246554566038562 3.436922342309048
8.225933095417453 -3.992571335096215
6.875559567557563 -3.7902164495157566
5.860990455197713 -6.7449241964623186
-2.7296218336827778 3.822933540445058
-9.541827843768024 4.1308490853205635
-6.231622697002175 -6.2947087239025015
2.1107561378020376 -4.162577481446954
16.99939183328538 1.2183452600388684
0.6908751881444353 -1.1503199299527194
0.9484117429462722 -7.644202221222881
7.778479734263876 -1.1567361368313402
-3.4536223583031878 13.509122033686168
0.6291634411965231 1.03380862246126
-9.719880057731299 5.064713059877808
0.30557703600367325 -2.1825379649518846
7.354056941088165 4.947748638310207
-6.238725291919181 -3.991420280293648
4.205146964091928 -3.620742010300279
0.6371656976123395 -5.102566851671957
-4.563088880319002 12.625683442280184
4.284376813914144 8.288953736678225
-4.555586004745114 12.288090280044727
-5.454609489284401 -7.423075787323973
-3.1393815598905324 -7.347407242864952
-2.518836772041861 -10.161248755942458
-0.6809028650766671 -1.7256666963400598
-3.5985097253710614 0.288606574746977
8.870998089935258 0.5813910856543644
-6.869293910903352 -2.8282640496277027
-0.5897664316017163 -8.75308618884682
0.7950319051595195 -0.4325302842472879
-2.757053009186454 -0.6718718451599008
5.287201785822228 -1.1746973586083522
-5.209702675878764 -1.8249100644748164
2.9289958507617175 3.305844702070623
-7.121830397475226 3.9068085787410185
-5.701551203667427 0.05536451745109937
4.299168067175788 -4.301585697625696
4.1196645019281 -5.545810935887708
-3.389766324125227 -9.325108694570174
-9.962502227646793 3.28466034600964
16.32434854194433 3.4867951864126443
-3.51277290335856 12.227129003191177
-0.39763179734090787 1.7301804635762557
4.814081079765185 2.366307941968252
-0.15278467708079618 3.679083433182396
2.4555932787532164 1.637336975890779
-1.070234381539109 3.265465065744222
8.658887528490801 3.0783010716333292
4.6740116377529555 0.4249791323863007
5.208131111174172 -0.7533617069933579
5.178966263603618 4.738786351163119
2.5647796958552225 10.742404613784359
16.58276981652637 2.889469630444421
-8.442051203270877 -3.0932156802979436
-9.667366228127602 5.915221732384965
-5.557273822491414 -0.2979804439074836
-7.098697343023916 5.29195856964659
-1.2545491686672017 1.6289860731570194
1.8849312183629272 -8.345928217319466
-3.1185393852915224 -3.302056956605954
-8.310610914676758 2.2626649322672745
-2.832453816378361 -7.279860955764635
-8.017541048544436 5.158165793789491
8.741395851607583 9.245447746754143
-8.345753530908507 -3.796884642820863
-2.968928249720974 12.447450846726593
1.7381553383916657 -4.101222345879231
5.700408313590125 7.4342836783590425
2.588562781391991 -1.0943775284295727
-11.266989697311988 -4.793479615083911
-1.2141452941956872 5.0489133881047366
-2.479013222254482 -3.9834884198156826
-2.2617708076647802 -7.466906648027468
1.188947364436322 -2.6069481897516757
-7.975476861694204 -6.469029372121928
3.3133029484590106 8.204138792470774
-4.538431181015379 15.072303707314775
-1.435686930043531 16.20360205732119
16.874457097699896 2.1476083146837968
17.930446270676047 2.5942242005209626
-8.328888411190984 0.23314656131759198
-8.385639026246274 -2.6550986916676065
1.3707564913802293 0.651840253250552
0.27790466914152956 -0.6723886643117902
-7.774344008430252 1.5042306346490295
-2.093801333654937 4.106227177274362
-9.892306675019567 -0.34142412015283446
-6.76812774499466 -3.2935218703481763
3.6110282630109074 -5.242559943576425
-8.448428758094071 -5.846685038193781
5.445677074282681 7.781699893672642
-5.4769093992436115 0.514723781716493
-2.7343419022635915 12.444121574444017
0.3863918051574284 4.956468394052293
6.48807439640959 -3.929202755047084
5.42102409148149 -0.8642923632413926
-6.411514499483743 6.779918708862509
-4.945889990129806 -9.352007417308664
4.477266092224625 13.000013323041246
6.243446909101365 -3.832351007059828
-6.237542399174092 13.194071450172999
-9.51684958148755 5.484738590714702
-5.305872052774568 -11.145126836791404
-6.868117380076581 -2.6483856492269533
13.200062634258261 0.6545075320401812
3.9656512666181922 -7.677681857607523
-3.9115417267213233 13.736997917320437
6.390248966191519 -4.438813434699459
-3.480201636698538 -2.1274643138571934
6.753455089219819 0.292262087274611
0.32653339740151677 7.093658278745029
2.8374958089127817 5.185574669573558
4.9785514025410444 1.0648934311545073
3.9979696065575814 -3.9741718586136496
-5.863618969051667 13.942880107403512
-3.9193212503267008 -1.313662234305692
-5.791110674351521 14.355882284550251
-3.6388994285448164 13.769867211077012
1.3546492882666075 6.839932507210841
8.18605785958448 -4.565221314715888
8.088497236644075 -4.931755913016623
-10.091980880484977 -3.3652676494263742
1.3139155553431558 -8.275859578019912
-11.245876773841758 6.03956104456967
1.6830778451420767 2.4818270362585437
-0.6421298504572708 3.133166288808152
-2.455304515265628 5.825397746182608
3.7400811357221304 1.3435637455446643
-4.107928170417903 13.379948701470767
-2.8769200353413944 10.198007298800968
9.215018938864336 -6.345581232619669
-3.8813926799163387 -0.7416364765143513
-4.863988713169596 -11.20473808583125
5.979605556706431 -6.984867640512584
6.547894292016624 2.5688092367709374
-8.593016905296142 -5.643855184112204
14.510744884928739 -0.2503870962485916
-1.1096914830840612 14.489111811634517
-3.1949630115294134 12.439364725355453
8.791867268451746 2.7517498870093586
-0.8591917272543702 5.1139230276692995
-0.17495279123080357 -6.416715457185705
-1.4433739090530853 14.756952264305117
-0.7973338032255556 2.837626793557348
1.0318787025543172 -2.724808242669492
-0.7810892894250443 -3.3502027725999213
9.063403680603008 -6.634327163565383
0.860691763638829 -1.2857577058423517
-8.62936730788628 -1.087265769553497
9.307390276297308 -6.143591316741986
-10.85899223990039 6.993217288911111
7.886131505374845 9.769152241414758
0.43939341967382933 -3.7854149476383103
3.9942741988057606 -4.244144167846201
-3.2925075916529627 -6.998804239964832
-0.9777016570121522 3.6547694567096802
-0.9395758356116587 -0.9650291470508698
9.010147799575154 1.2758226265628814
-3.2302351327243506 -5.291346567491603
7.425461335132482 -0.9688143494097087
-8.88578118169627 7.364108081000942
0.9496678188019639 -8.428336483436826
-3.133645779954347 16.43636525557204
-10.130532643449406 4.080495957499492
6.702741062536299 3.28541681389768
-9.908359672557848 4.975317396766517
-5.7121098503536265 7.086504111415928
-3.1091021381542845 13.559986061594753
7.893616395635859 4.355799276507739
-4.23018312470752 13.678534796450649
-0.47472096294456273 -6.48518344890432
-0.016876825991329617 -7.179957929137003
-2.7146890231351737 -1.8198021193310616
0.4516035865533841 -2.604198528614164
